31.01.2025;Z04177;Ýþyeri no:000000000771359,Tutar : 368 Komisyon : 0,Bloke No : 1166656466, BT: 09/01/2025, ÇT:30/01/2025;368,00;154.286,48
31.01.2025;Z04176;Ýþyeri no:000000000771359,Tutar : 1691,2 Komisyon : 0,Bloke No : 1166656461, BT: 09/01/2025, ÇT:30/01/2025;1691,20;153.918,48
31.01.2025;Z04175;Ýþyeri no:000000000771359,Tutar : 1350 Komisyon : 0,Bloke No : 1166656459, BT: 09/01/2025, ÇT:30/01/2025;1350,00;152.227,28
31.01.2025;Z04174;Ýþyeri no:000000000771359,Tutar : 125,24 Komisyon : 0,Bloke No : 1166656458, BT: 09/01/2025, ÇT:30/01/2025;125,24;150.877,28
31.01.2025;Z03576;SGK( EMS/BAÐ/SSK)/ 24764010113598210070325000 / ALANYA ÖZKAN KIRTASÝYE MAT.YAYIN.ÝNÞ.TÝC.LTD.ÞTÝ 3476147 /S.Öde Tr: 31.;-18839,74;150.752,04
31.01.2025;Z03575;SGK( EMS/BAÐ/SSK)/ 24762010110559410070346000 / ALANYA ÖZKAN KIRTASÝYE MATBAACILIK YAY.ÝNÞ.TÝC.LTD.ÞTÝ 3476148 /S.Öde T;-110376,21;169.591,78
31.01.2025;F01235;VERGI-0058 GERÝ KAZANIM KA VD:007201-ÝÇ:0022120-THN:2025013001Mkx0000013-VN:0480525636 ALANYA ÖZKAN KIRTASÝ YE MATBAACIL;-696,00;279.967,99
31.01.2025;Z02601;Ýþyeri no:000000000771359,Tutar : 12031,9 Komisyon : 0,Bloke No : 1166656452, BT: 09/01/2025, ÇT:30/01/2025;12031,90;280.663,99
31.01.2025;Z02436;Ýþyeri no:000000000771359,Tutar : 24 Komisyon : 0,Bloke No : 1163066073, BT: 07/01/2025, ÇT:30/01/2025;24,00;268.632,09
31.01.2025;Z02435;Ýþyeri no:000000000771359,Tutar : 2777 Komisyon : 0,Bloke No : 1163066071, BT: 07/01/2025, ÇT:30/01/2025;2777,00;268.608,09
31.01.2025;Z02434;Ýþyeri no:000000000771359,Tutar : 8263,57 Komisyon : 0,Bloke No : 1163066069, BT: 07/01/2025, ÇT:30/01/2025;8263,57;265.831,09
31.01.2025;Z02433;Ýþyeri no:000000000771359,Tutar : 158 Komisyon : 0,Bloke No : 1163066068, BT: 07/01/2025, ÇT:30/01/2025;158,00;257.567,52
31.01.2025;Z02432;Ýþyeri no:000000000771359,Tutar : 6859,12 Komisyon : 0,Bloke No : 1163066061, BT: 07/01/2025, ÇT:30/01/2025;6859,12;257.409,52
31.01.2025;Z02431;Ýþyeri no:000000000771359,Tutar : 65 Komisyon : 0,Bloke No : 1163066059, BT: 07/01/2025, ÇT:30/01/2025;65,00;250.550,40
31.01.2025;Z02430;Ýþyeri no:000000000771359,Tutar : 10838,99 Komisyon : 0,Bloke No : 1163066057, BT: 07/01/2025, ÇT:30/01/2025;10838,99;250.485,40
31.01.2025;Z02429;Ýþyeri no:000000000771359,Tutar : 1671,7 Komisyon : 0,Bloke No : 1163066054, BT: 07/01/2025, ÇT:30/01/2025;1671,70;239.646,41
30.01.2025;Z01955;Ýþyeri no:000000000771359,Tutar : 660 Komisyon : 0,Bloke No : 1164850239, BT: 08/01/2025, ÇT:29/01/2025;660,00;237.974,71
30.01.2025;Z01954;Ýþyeri no:000000000771359,Tutar : 402 Komisyon : 0,Bloke No : 1164850234, BT: 08/01/2025, ÇT:29/01/2025;402,00;237.314,71
30.01.2025;Z00487;Ýþyeri no:000000000771359,Tutar : 1270 Komisyon : 0,Bloke No : 1161268733, BT: 06/01/2025, ÇT:29/01/2025;1270,00;236.912,71
30.01.2025;Z00486;Ýþyeri no:000000000771359,Tutar : 4456,1 Komisyon : 0,Bloke No : 1161268731, BT: 06/01/2025, ÇT:29/01/2025;4456,10;235.642,71
30.01.2025;Z00485;Ýþyeri no:000000000771359,Tutar : 2964,84 Komisyon : 0,Bloke No : 1161268728, BT: 06/01/2025, ÇT:29/01/2025;2964,84;231.186,61
30.01.2025;Z00484;Ýþyeri no:000000000771359,Tutar : 7084,65 Komisyon : 0,Bloke No : 1161268727, BT: 06/01/2025, ÇT:29/01/2025;7084,65;228.221,77
30.01.2025;Z00483;Ýþyeri no:000000000771359,Tutar : 2876,6 Komisyon : 0,Bloke No : 1161268725, BT: 06/01/2025, ÇT:29/01/2025;2876,60;221.137,12
29.01.2025;Z01761;Ýþyeri no:000000000771359,Tutar : 390 Komisyon : 0,Bloke No : 1163066078, BT: 07/01/2025, ÇT:28/01/2025;390,00;218.260,52
29.01.2025;Z01760;Ýþyeri no:000000000771359,Tutar : 34,4 Komisyon : 0,Bloke No : 1163066076, BT: 07/01/2025, ÇT:28/01/2025;34,40;217.870,52
29.01.2025;Z01759;Ýþyeri no:000000000771359,Tutar : 1124,2 Komisyon : 0,Bloke No : 1163066074, BT: 07/01/2025, ÇT:28/01/2025;1124,20;217.836,12
29.01.2025;Z01758;Ýþyeri no:000000000771359,Tutar : 401,2 Komisyon : 0,Bloke No : 1163066066, BT: 07/01/2025, ÇT:28/01/2025;401,20;216.711,92
29.01.2025;Z01757;Ýþyeri no:000000000771359,Tutar : 1695,2 Komisyon : 0,Bloke No : 1163066064, BT: 07/01/2025, ÇT:28/01/2025;1695,20;216.310,72
29.01.2025;Z01756;Ýþyeri no:000000000771359,Tutar : 250 Komisyon : 0,Bloke No : 1163066063, BT: 07/01/2025, ÇT:28/01/2025;250,00;214.615,52
29.01.2025;Z00441;Ýþyeri no:000000000771359,Tutar : 834,1 Komisyon : 0,Bloke No : 1159712876, BT: 05/01/2025, ÇT:28/01/2025;834,10;214.365,52
29.01.2025;Z00440;Ýþyeri no:000000000771359,Tutar : 689,5 Komisyon : 0,Bloke No : 1159712874, BT: 05/01/2025, ÇT:28/01/2025;689,50;213.531,42
28.01.2025;F01214;VERGI-0015 GERÇEK USULDE K VD:007201-ÝÇ:0016796-THN:2025012701Mkx0000550-VN:0480525636 ALANYA ÖZKAN KIRTASÝ YE MATBAACIL;-188001,71;212.841,92
28.01.2025;Z01746;Ýþyeri no:000000000771359,Tutar : 60 Komisyon : 0,Bloke No : 1161268736, BT: 06/01/2025, ÇT:27/01/2025;60,00;400.843,63
28.01.2025;Z01745;Ýþyeri no:000000000771359,Tutar : 603,2 Komisyon : 0,Bloke No : 1161268735, BT: 06/01/2025, ÇT:27/01/2025;603,20;400.783,63
28.01.2025;Z01744;Ýþyeri no:000000000771359,Tutar : 109,02 Komisyon : 0,Bloke No : 1161268734, BT: 06/01/2025, ÇT:27/01/2025;109,02;400.180,43
28.01.2025;Z01743;Ýþyeri no:000000000771359,Tutar : 135 Komisyon : 0,Bloke No : 1161268730, BT: 06/01/2025, ÇT:27/01/2025;135,00;400.071,41
28.01.2025;Z01742;Ýþyeri no:000000000771359,Tutar : 716 Komisyon : 0,Bloke No : 1161268729, BT: 06/01/2025, ÇT:27/01/2025;716,00;399.936,41
27.01.2025;F24576;VERGI-0003 GELÝR VERGÝSÝ S VD:007201-ÝÇ:0012401-THN:2025011501Mkx0000200-VN:0480525636 ALANYA ÖZKAN KIRTASÝ YE MATBAACIL;-36122,04;399.220,41
27.01.2025;Z05494;Ýþyeri no:000000000771359,Tutar : 1070,4 Komisyon : 0,Bloke No : 1159712885, BT: 05/01/2025, ÇT:26/01/2025;1070,40;435.342,45
27.01.2025;Z05493;Ýþyeri no:000000000771359,Tutar : 371,2 Komisyon : 0,Bloke No : 1159712884, BT: 05/01/2025, ÇT:26/01/2025;371,20;434.272,05
27.01.2025;Z05492;Ýþyeri no:000000000771359,Tutar : 198,8 Komisyon : 0,Bloke No : 1159712883, BT: 05/01/2025, ÇT:26/01/2025;198,80;433.900,85
27.01.2025;Z05491;Ýþyeri no:000000000771359,Tutar : 1254 Komisyon : 0,Bloke No : 1159712879, BT: 05/01/2025, ÇT:26/01/2025;1254,00;433.702,05
27.01.2025;Z05490;Ýþyeri no:000000000771359,Tutar : 1503,25 Komisyon : 0,Bloke No : 1159712878, BT: 05/01/2025, ÇT:26/01/2025;1503,25;432.448,05
27.01.2025;Z05489;Ýþyeri no:000000000771359,Tutar : 44 Komisyon : 0,Bloke No : 1159712877, BT: 05/01/2025, ÇT:26/01/2025;44,00;430.944,80
27.01.2025;Z04784;Ýþyeri no:000000000771359,Tutar : 1895,88 Komisyon : 0,Bloke No : 1159712882, BT: 05/01/2025, ÇT:26/01/2025;1895,88;430.900,80
27.01.2025;Z04783;Ýþyeri no:000000000771359,Tutar : 3276,5 Komisyon : 0,Bloke No : 1159712881, BT: 05/01/2025, ÇT:26/01/2025;3276,50;429.004,92
27.01.2025;Z04782;Ýþyeri no:000000000771359,Tutar : 450,2 Komisyon : 0,Bloke No : 1159712880, BT: 05/01/2025, ÇT:26/01/2025;450,20;425.728,42
27.01.2025;Z04781;Ýþyeri no:000000000771359,Tutar : 4535,82 Komisyon : 0,Bloke No : 1159712875, BT: 05/01/2025, ÇT:26/01/2025;4535,82;425.278,22
27.01.2025;Z04780;Ýþyeri no:000000000771359,Tutar : 6802,02 Komisyon : 0,Bloke No : 1159712873, BT: 05/01/2025, ÇT:26/01/2025;6802,02;420.742,40
27.01.2025;Z04779;Ýþyeri no:000000000771359,Tutar : 996,09 Komisyon : 0,Bloke No : 1159712872, BT: 05/01/2025, ÇT:26/01/2025;996,09;413.940,38
26.01.2025;Z03854;Ýþyeri no:000000000771359,Tutar : 367,2 Komisyon : 0,Bloke No : 1158151277, BT: 04/01/2025, ÇT:25/01/2025;367,20;412.944,29
26.01.2025;Z03853;Ýþyeri no:000000000771359,Tutar : 820 Komisyon : 0,Bloke No : 1158151272, BT: 04/01/2025, ÇT:25/01/2025;820,00;412.577,09
26.01.2025;Z02824;Ýþyeri no:000000000771359,Tutar : 441,2 Komisyon : 0,Bloke No : 1158151276, BT: 04/01/2025, ÇT:25/01/2025;441,20;411.757,09
26.01.2025;Z02823;Ýþyeri no:000000000771359,Tutar : 1282 Komisyon : 0,Bloke No : 1158151275, BT: 04/01/2025, ÇT:25/01/2025;1282,00;411.315,89
26.01.2025;Z02822;Ýþyeri no:000000000771359,Tutar : 2776,4 Komisyon : 0,Bloke No : 1158151274, BT: 04/01/2025, ÇT:25/01/2025;2776,40;410.033,89
26.01.2025;Z02821;Ýþyeri no:000000000771359,Tutar : 737,5 Komisyon : 0,Bloke No : 1158151273, BT: 04/01/2025, ÇT:25/01/2025;737,50;407.257,49
26.01.2025;Z02820;Ýþyeri no:000000000771359,Tutar : 40 Komisyon : 0,Bloke No : 1158151271, BT: 04/01/2025, ÇT:25/01/2025;40,00;406.519,99
26.01.2025;Z02819;Ýþyeri no:000000000771359,Tutar : 3179,2 Komisyon : 0,Bloke No : 1158151270, BT: 04/01/2025, ÇT:25/01/2025;3179,20;406.479,99
26.01.2025;Z02818;Ýþyeri no:000000000771359,Tutar : 1495,28 Komisyon : 0,Bloke No : 1158151269, BT: 04/01/2025, ÇT:25/01/2025;1495,28;403.300,79
26.01.2025;Z02817;Ýþyeri no:000000000771359,Tutar : 1236,8 Komisyon : 0,Bloke No : 1158151268, BT: 04/01/2025, ÇT:25/01/2025;1236,80;401.805,51
25.01.2025;Z01763;Ýþyeri no:000000000771359,Tutar : 644,52 Komisyon : 0,Bloke No : 1156432637, BT: 03/01/2025, ÇT:24/01/2025;644,52;400.568,71
25.01.2025;Z01762;Ýþyeri no:000000000771359,Tutar : 1168,3 Komisyon : 0,Bloke No : 1156432636, BT: 03/01/2025, ÇT:24/01/2025;1168,30;399.924,19
25.01.2025;Z01761;Ýþyeri no:000000000771359,Tutar : 20 Komisyon : 0,Bloke No : 1156432635, BT: 03/01/2025, ÇT:24/01/2025;20,00;398.755,89
25.01.2025;Z01760;Ýþyeri no:000000000771359,Tutar : 798,5 Komisyon : 0,Bloke No : 1156432630, BT: 03/01/2025, ÇT:24/01/2025;798,50;398.735,89
25.01.2025;Z00596;Ýþyeri no:000000000771359,Tutar : 471,4 Komisyon : 0,Bloke No : 1156432634, BT: 03/01/2025, ÇT:24/01/2025;471,40;397.937,39
25.01.2025;Z00595;Ýþyeri no:000000000771359,Tutar : 1617,34 Komisyon : 0,Bloke No : 1156432633, BT: 03/01/2025, ÇT:24/01/2025;1617,34;397.465,99
25.01.2025;Z00594;Ýþyeri no:000000000771359,Tutar : 4550,44 Komisyon : 0,Bloke No : 1156432632, BT: 03/01/2025, ÇT:24/01/2025;4550,44;395.848,65
25.01.2025;Z00593;Ýþyeri no:000000000771359,Tutar : 408,4 Komisyon : 0,Bloke No : 1156432631, BT: 03/01/2025, ÇT:24/01/2025;408,40;391.298,21
25.01.2025;Z00592;Ýþyeri no:000000000771359,Tutar : 271,6 Komisyon : 0,Bloke No : 1156432629, BT: 03/01/2025, ÇT:24/01/2025;271,60;390.889,81
25.01.2025;Z00591;Ýþyeri no:000000000771359,Tutar : 3460,7 Komisyon : 0,Bloke No : 1156432628, BT: 03/01/2025, ÇT:24/01/2025;3460,70;390.618,21
25.01.2025;Z00590;Ýþyeri no:000000000771359,Tutar : 453 Komisyon : 0,Bloke No : 1156432627, BT: 03/01/2025, ÇT:24/01/2025;453,00;387.157,51
25.01.2025;Z00589;Ýþyeri no:000000000771359,Tutar : 8366 Komisyon : 0,Bloke No : 1156432626, BT: 03/01/2025, ÇT:24/01/2025;8366,00;386.704,51
25.01.2025;Z00588;Ýþyeri no:000000000771359,Tutar : 1521 Komisyon : 0,Bloke No : 1156432625, BT: 03/01/2025, ÇT:24/01/2025;1521,00;378.338,51
24.01.2025;Z02228;Ýþyeri no:000000000771359,Tutar : 200,64 Komisyon : 0,Bloke No : 1154646883, BT: 02/01/2025, ÇT:23/01/2025;200,64;376.817,51
24.01.2025;Z02227;Ýþyeri no:000000000771359,Tutar : 124 Komisyon : 0,Bloke No : 1154646881, BT: 02/01/2025, ÇT:23/01/2025;124,00;376.616,87
24.01.2025;Z02226;Ýþyeri no:000000000771359,Tutar : 1391,6 Komisyon : 0,Bloke No : 1154646879, BT: 02/01/2025, ÇT:23/01/2025;1391,60;376.492,87
24.01.2025;Z02225;Ýþyeri no:000000000771359,Tutar : 12 Komisyon : 0,Bloke No : 1154646872, BT: 02/01/2025, ÇT:23/01/2025;12,00;375.101,27
24.01.2025;Z00744;Ýþyeri no:000000000771359,Tutar : 2428 Komisyon : 0,Bloke No : 1154646877, BT: 02/01/2025, ÇT:23/01/2025;2428,00;375.089,27
24.01.2025;Z00743;Ýþyeri no:000000000771359,Tutar : 1873 Komisyon : 0,Bloke No : 1154646876, BT: 02/01/2025, ÇT:23/01/2025;1873,00;372.661,27
24.01.2025;Z00742;Ýþyeri no:000000000771359,Tutar : 2619,34 Komisyon : 0,Bloke No : 1154646875, BT: 02/01/2025, ÇT:23/01/2025;2619,34;370.788,27
24.01.2025;Z00741;Ýþyeri no:000000000771359,Tutar : 900,8 Komisyon : 0,Bloke No : 1154646874, BT: 02/01/2025, ÇT:23/01/2025;900,80;368.168,93
24.01.2025;Z00740;Ýþyeri no:000000000771359,Tutar : 5574,75 Komisyon : 0,Bloke No : 1154646871, BT: 02/01/2025, ÇT:23/01/2025;5574,75;367.268,13
24.01.2025;Z00739;Ýþyeri no:000000000771359,Tutar : 10054,02 Komisyon : 0,Bloke No : 1154646870, BT: 02/01/2025, ÇT:23/01/2025;10054,02;361.693,38
24.01.2025;Z00738;Ýþyeri no:000000000771359,Tutar : 902,4 Komisyon : 0,Bloke No : 1154646865, BT: 02/01/2025, ÇT:23/01/2025;902,40;351.639,36
23.01.2025;Z01355;Ýþyeri no:000000000771359,Tutar : 926,4 Komisyon : 0,Bloke No : 1153103101, BT: 01/01/2025, ÇT:22/01/2025;926,40;350.736,96
23.01.2025;Z01354;Ýþyeri no:000000000771359,Tutar : 488,2 Komisyon : 0,Bloke No : 1153103060, BT: 01/01/2025, ÇT:22/01/2025;488,20;349.810,56
23.01.2025;Z01353;Ýþyeri no:000000000771359,Tutar : 576 Komisyon : 0,Bloke No : 1153103059, BT: 01/01/2025, ÇT:22/01/2025;576,00;349.322,36
23.01.2025;Z00492;Ýþyeri no:000000000771359,Tutar : 4391,14 Komisyon : 0,Bloke No : 1153103067, BT: 01/01/2025, ÇT:22/01/2025;4391,14;348.746,36
23.01.2025;Z00491;Ýþyeri no:000000000771359,Tutar : 1701,92 Komisyon : 0,Bloke No : 1153103065, BT: 01/01/2025, ÇT:22/01/2025;1701,92;344.355,22
23.01.2025;Z00490;Ýþyeri no:000000000771359,Tutar : 923,99 Komisyon : 0,Bloke No : 1153103063, BT: 01/01/2025, ÇT:22/01/2025;923,99;342.653,30
23.01.2025;Z00489;Ýþyeri no:000000000771359,Tutar : 4362,34 Komisyon : 0,Bloke No : 1153103056, BT: 01/01/2025, ÇT:22/01/2025;4362,34;341.729,31
23.01.2025;Z00488;Ýþyeri no:000000000771359,Tutar : 9964,87 Komisyon : 0,Bloke No : 1153103053, BT: 01/01/2025, ÇT:22/01/2025;9964,87;337.366,97
23.01.2025;Z00487;Ýþyeri no:000000000771359,Tutar : 3819,6 Komisyon : 0,Bloke No : 1153103051, BT: 01/01/2025, ÇT:22/01/2025;3819,60;327.402,10
22.01.2025;Z01943;Ýþyeri no:000000000771359,Tutar : 391,5 Komisyon : 0,Bloke No : 1151388811, BT: 31/12/2024, ÇT:21/01/2025;391,50;323.582,50
22.01.2025;Z01942;Ýþyeri no:000000000771359,Tutar : 150,8 Komisyon : 0,Bloke No : 1151388810, BT: 31/12/2024, ÇT:21/01/2025;150,80;323.191,00
22.01.2025;Z01941;Ýþyeri no:000000000771359,Tutar : 976 Komisyon : 0,Bloke No : 1151388809, BT: 31/12/2024, ÇT:21/01/2025;976,00;323.040,20
22.01.2025;Z01940;Ýþyeri no:000000000771359,Tutar : 526 Komisyon : 0,Bloke No : 1151388804, BT: 31/12/2024, ÇT:21/01/2025;526,00;322.064,20
22.01.2025;Z01939;Ýþyeri no:000000000771359,Tutar : 1050,85 Komisyon : 0,Bloke No : 1151388803, BT: 31/12/2024, ÇT:21/01/2025;1050,85;321.538,20
22.01.2025;Z00532;Ýþyeri no:000000000771359,Tutar : 133,2 Komisyon : 0,Bloke No : 1151388808, BT: 31/12/2024, ÇT:21/01/2025;133,20;320.487,35
22.01.2025;Z00531;Ýþyeri no:000000000771359,Tutar : 4022,4 Komisyon : 0,Bloke No : 1151388807, BT: 31/12/2024, ÇT:21/01/2025;4022,40;320.354,15
22.01.2025;Z00530;Ýþyeri no:000000000771359,Tutar : 7781,02 Komisyon : 0,Bloke No : 1151388806, BT: 31/12/2024, ÇT:21/01/2025;7781,02;316.331,75
22.01.2025;Z00529;Ýþyeri no:000000000771359,Tutar : 2421,4 Komisyon : 0,Bloke No : 1151388805, BT: 31/12/2024, ÇT:21/01/2025;2421,40;308.550,73
22.01.2025;Z00528;Ýþyeri no:000000000771359,Tutar : 915,2 Komisyon : 0,Bloke No : 1151388802, BT: 31/12/2024, ÇT:21/01/2025;915,20;306.129,33
22.01.2025;Z00527;Ýþyeri no:000000000771359,Tutar : 6268,25 Komisyon : 0,Bloke No : 1151388801, BT: 31/12/2024, ÇT:21/01/2025;6268,25;305.214,13
22.01.2025;Z00526;Ýþyeri no:000000000771359,Tutar : 16170,35 Komisyon : 0,Bloke No : 1151388800, BT: 31/12/2024, ÇT:21/01/2025;16170,35;298.945,88
22.01.2025;Z00525;Ýþyeri no:000000000771359,Tutar : 3161,95 Komisyon : 0,Bloke No : 1151388799, BT: 31/12/2024, ÇT:21/01/2025;3161,95;282.775,53
21.01.2025;Z02265;Ýþyeri no:000000000771359,Tutar : 362,6 Komisyon : 0,Bloke No : 1149466941, BT: 30/12/2024, ÇT:20/01/2025;362,60;279.613,58
21.01.2025;Z02264;Ýþyeri no:000000000771359,Tutar : 30 Komisyon : 0,Bloke No : 1149466940, BT: 30/12/2024, ÇT:20/01/2025;30,00;279.250,98
21.01.2025;Z02263;Ýþyeri no:000000000771359,Tutar : 2058,2 Komisyon : 0,Bloke No : 1149466939, BT: 30/12/2024, ÇT:20/01/2025;2058,20;279.220,98
21.01.2025;Z02262;Ýþyeri no:000000000771359,Tutar : 110 Komisyon : 0,Bloke No : 1149466938, BT: 30/12/2024, ÇT:20/01/2025;110,00;277.162,78
21.01.2025;Z02261;Ýþyeri no:000000000771359,Tutar : 1046 Komisyon : 0,Bloke No : 1149466937, BT: 30/12/2024, ÇT:20/01/2025;1046,00;277.052,78
21.01.2025;Z02260;Ýþyeri no:000000000771359,Tutar : 1107,5 Komisyon : 0,Bloke No : 1149466929, BT: 30/12/2024, ÇT:20/01/2025;1107,50;276.006,78
21.01.2025;Z02259;Ýþyeri no:000000000771359,Tutar : 256 Komisyon : 0,Bloke No : 1149466928, BT: 30/12/2024, ÇT:20/01/2025;256,00;274.899,28
21.01.2025;Z02258;Ýþyeri no:000000000771359,Tutar : 728,4 Komisyon : 0,Bloke No : 1149466927, BT: 30/12/2024, ÇT:20/01/2025;728,40;274.643,28
21.01.2025;Z02257;Ýþyeri no:000000000771359,Tutar : 71 Komisyon : 0,Bloke No : 1149466926, BT: 30/12/2024, ÇT:20/01/2025;71,00;273.914,88
21.01.2025;Z00527;Ýþyeri no:000000000771359,Tutar : 430 Komisyon : 0,Bloke No : 1149466936, BT: 30/12/2024, ÇT:20/01/2025;430,00;273.843,88
21.01.2025;Z00526;Ýþyeri no:000000000771359,Tutar : 3597,94 Komisyon : 0,Bloke No : 1149466935, BT: 30/12/2024, ÇT:20/01/2025;3597,94;273.413,88
21.01.2025;Z00525;Ýþyeri no:000000000771359,Tutar : 369,76 Komisyon : 0,Bloke No : 1149466934, BT: 30/12/2024, ÇT:20/01/2025;369,76;269.815,94
21.01.2025;Z00524;Ýþyeri no:000000000771359,Tutar : 7603,52 Komisyon : 0,Bloke No : 1149466933, BT: 30/12/2024, ÇT:20/01/2025;7603,52;269.446,18
21.01.2025;Z00523;Ýþyeri no:000000000771359,Tutar : 1968 Komisyon : 0,Bloke No : 1149466932, BT: 30/12/2024, ÇT:20/01/2025;1968,00;261.842,66
21.01.2025;Z00522;Ýþyeri no:000000000771359,Tutar : 1528,4 Komisyon : 0,Bloke No : 1149466931, BT: 30/12/2024, ÇT:20/01/2025;1528,40;259.874,66
21.01.2025;Z00521;Ýþyeri no:000000000771359,Tutar : 690 Komisyon : 0,Bloke No : 1149466930, BT: 30/12/2024, ÇT:20/01/2025;690,00;258.346,26
21.01.2025;Z00520;Ýþyeri no:000000000771359,Tutar : 714,5 Komisyon : 0,Bloke No : 1149466925, BT: 30/12/2024, ÇT:20/01/2025;714,50;257.656,26
21.01.2025;Z00519;Ýþyeri no:000000000771359,Tutar : 7948,9 Komisyon : 0,Bloke No : 1149466924, BT: 30/12/2024, ÇT:20/01/2025;7948,90;256.941,76
21.01.2025;Z00518;Ýþyeri no:000000000771359,Tutar : 1097 Komisyon : 0,Bloke No : 1149466923, BT: 30/12/2024, ÇT:20/01/2025;1097,00;248.992,86
21.01.2025;Z00517;Ýþyeri no:000000000771359,Tutar : 225,6 Komisyon : 0,Bloke No : 1149466922, BT: 30/12/2024, ÇT:20/01/2025;225,60;247.895,86
21.01.2025;Z00516;Ýþyeri no:000000000771359,Tutar : 15145,65 Komisyon : 0,Bloke No : 1149466921, BT: 30/12/2024, ÇT:20/01/2025;15145,65;247.670,26
21.01.2025;Z00515;Ýþyeri no:000000000771359,Tutar : 12268,58 Komisyon : 0,Bloke No : 1149466920, BT: 30/12/2024, ÇT:20/01/2025;12268,58;232.524,61
21.01.2025;Z00514;Ýþyeri no:000000000771359,Tutar : 979,7 Komisyon : 0,Bloke No : 1149466919, BT: 30/12/2024, ÇT:20/01/2025;979,70;220.256,03
20.01.2025;Z05638;Ýþyeri no:000000000771359,Tutar : 864,64 Komisyon : 0,Bloke No : 1147687264, BT: 29/12/2024, ÇT:19/01/2025;864,64;219.276,33
20.01.2025;Z05637;Ýþyeri no:000000000771359,Tutar : 574 Komisyon : 0,Bloke No : 1147687263, BT: 29/12/2024, ÇT:19/01/2025;574,00;218.411,69
20.01.2025;Z05636;Ýþyeri no:000000000771359,Tutar : 156 Komisyon : 0,Bloke No : 1147687262, BT: 29/12/2024, ÇT:19/01/2025;156,00;217.837,69
20.01.2025;Z05635;Ýþyeri no:000000000771359,Tutar : 1111,2 Komisyon : 0,Bloke No : 1147687261, BT: 29/12/2024, ÇT:19/01/2025;1111,20;217.681,69
20.01.2025;Z05634;Ýþyeri no:000000000771359,Tutar : 1509,1 Komisyon : 0,Bloke No : 1147687251, BT: 29/12/2024, ÇT:19/01/2025;1509,10;216.570,49
20.01.2025;Z05633;Ýþyeri no:000000000771359,Tutar : 610 Komisyon : 0,Bloke No : 1147687250, BT: 29/12/2024, ÇT:19/01/2025;610,00;215.061,39
20.01.2025;Z04948;Ýþyeri no:000000000771359,Tutar : 304 Komisyon : 0,Bloke No : 1147687259, BT: 29/12/2024, ÇT:19/01/2025;304,00;214.451,39
20.01.2025;Z04947;Ýþyeri no:000000000771359,Tutar : 2090,6 Komisyon : 0,Bloke No : 1147687258, BT: 29/12/2024, ÇT:19/01/2025;2090,60;214.147,39
20.01.2025;Z04946;Ýþyeri no:000000000771359,Tutar : 750,1 Komisyon : 0,Bloke No : 1147687257, BT: 29/12/2024, ÇT:19/01/2025;750,10;212.056,79
20.01.2025;Z04945;Ýþyeri no:000000000771359,Tutar : 5673 Komisyon : 0,Bloke No : 1147687256, BT: 29/12/2024, ÇT:19/01/2025;5673,00;211.306,69
20.01.2025;Z04944;Ýþyeri no:000000000771359,Tutar : 774,84 Komisyon : 0,Bloke No : 1147687255, BT: 29/12/2024, ÇT:19/01/2025;774,84;205.633,69
20.01.2025;Z04943;Ýþyeri no:000000000771359,Tutar : 1118,6 Komisyon : 0,Bloke No : 1147687253, BT: 29/12/2024, ÇT:19/01/2025;1118,60;204.858,85
20.01.2025;Z04942;Ýþyeri no:000000000771359,Tutar : 645 Komisyon : 0,Bloke No : 1147687252, BT: 29/12/2024, ÇT:19/01/2025;645,00;203.740,25
20.01.2025;Z04941;Ýþyeri no:000000000771359,Tutar : 252 Komisyon : 0,Bloke No : 1147687249, BT: 29/12/2024, ÇT:19/01/2025;252,00;203.095,25
20.01.2025;Z04940;Ýþyeri no:000000000771359,Tutar : 8281,69 Komisyon : 0,Bloke No : 1147687247, BT: 29/12/2024, ÇT:19/01/2025;8281,69;202.843,25
20.01.2025;Z04939;Ýþyeri no:000000000771359,Tutar : 3396,63 Komisyon : 0,Bloke No : 1147687246, BT: 29/12/2024, ÇT:19/01/2025;3396,63;194.561,56
20.01.2025;Z04938;Ýþyeri no:000000000771359,Tutar : 835 Komisyon : 0,Bloke No : 1147687245, BT: 29/12/2024, ÇT:19/01/2025;835,00;191.164,93
20.01.2025;Z04937;Ýþyeri no:000000000771359,Tutar : 20344,27 Komisyon : 0,Bloke No : 1147687243, BT: 29/12/2024, ÇT:19/01/2025;20344,27;190.329,93
20.01.2025;Z04936;Ýþyeri no:000000000771359,Tutar : 5782,69 Komisyon : 0,Bloke No : 1147687242, BT: 29/12/2024, ÇT:19/01/2025;5782,69;169.985,66
20.01.2025;Z04935;Ýþyeri no:000000000771359,Tutar : 971,5 Komisyon : 0,Bloke No : 1147687241, BT: 29/12/2024, ÇT:19/01/2025;971,50;164.202,97
20.01.2025;Z04934;Ýþyeri no:000000000771359,Tutar : 1262,6 Komisyon : 0,Bloke No : 1147687239, BT: 29/12/2024, ÇT:19/01/2025;1262,60;163.231,47
19.01.2025;Z04041;Ýþyeri no:000000000771359,Tutar : 1117,99 Komisyon : 0,Bloke No : 1146046869, BT: 28/12/2024, ÇT:18/01/2025;1117,99;161.968,87
19.01.2025;Z04040;Ýþyeri no:000000000771359,Tutar : 1300,8 Komisyon : 0,Bloke No : 1146046867, BT: 28/12/2024, ÇT:18/01/2025;1300,80;160.850,88
19.01.2025;Z04039;Ýþyeri no:000000000771359,Tutar : 918,2 Komisyon : 0,Bloke No : 1146046865, BT: 28/12/2024, ÇT:18/01/2025;918,20;159.550,08
19.01.2025;Z04038;Ýþyeri no:000000000771359,Tutar : 1744,4 Komisyon : 0,Bloke No : 1146046855, BT: 28/12/2024, ÇT:18/01/2025;1744,40;158.631,88
19.01.2025;Z04037;Ýþyeri no:000000000771359,Tutar : 875 Komisyon : 0,Bloke No : 1146046853, BT: 28/12/2024, ÇT:18/01/2025;875,00;156.887,48
19.01.2025;Z04036;Ýþyeri no:000000000771359,Tutar : 252 Komisyon : 0,Bloke No : 1146046851, BT: 28/12/2024, ÇT:18/01/2025;252,00;156.012,48
19.01.2025;Z04035;Ýþyeri no:000000000771359,Tutar : 1698 Komisyon : 0,Bloke No : 1146046849, BT: 28/12/2024, ÇT:18/01/2025;1698,00;155.760,48
19.01.2025;Z02829;Ýþyeri no:000000000771359,Tutar : 1499,6 Komisyon : 0,Bloke No : 1146046863, BT: 28/12/2024, ÇT:18/01/2025;1499,60;154.062,48
19.01.2025;Z02828;Ýþyeri no:000000000771359,Tutar : 18132,39 Komisyon : 0,Bloke No : 1146046861, BT: 28/12/2024, ÇT:18/01/2025;18132,39;152.562,88
19.01.2025;Z02827;Ýþyeri no:000000000771359,Tutar : 574 Komisyon : 0,Bloke No : 1146046859, BT: 28/12/2024, ÇT:18/01/2025;574,00;134.430,49
19.01.2025;Z02826;Ýþyeri no:000000000771359,Tutar : 2766 Komisyon : 0,Bloke No : 1146046857, BT: 28/12/2024, ÇT:18/01/2025;2766,00;133.856,49
19.01.2025;Z02825;Ýþyeri no:000000000771359,Tutar : 9659,33 Komisyon : 0,Bloke No : 1146046847, BT: 28/12/2024, ÇT:18/01/2025;9659,33;131.090,49
19.01.2025;Z02824;Ýþyeri no:000000000771359,Tutar : 593 Komisyon : 0,Bloke No : 1146046845, BT: 28/12/2024, ÇT:18/01/2025;593,00;121.431,16
19.01.2025;Z02823;Ýþyeri no:000000000771359,Tutar : 1936 Komisyon : 0,Bloke No : 1146046844, BT: 28/12/2024, ÇT:18/01/2025;1936,00;120.838,16
19.01.2025;Z02822;Ýþyeri no:000000000771359,Tutar : 16335,6 Komisyon : 0,Bloke No : 1146046842, BT: 28/12/2024, ÇT:18/01/2025;16335,60;118.902,16
19.01.2025;Z02821;Ýþyeri no:000000000771359,Tutar : 15611,59 Komisyon : 0,Bloke No : 1146046840, BT: 28/12/2024, ÇT:18/01/2025;15611,59;102.566,56
19.01.2025;Z02820;Ýþyeri no:000000000771359,Tutar : 4816,2 Komisyon : 0,Bloke No : 1146046838, BT: 28/12/2024, ÇT:18/01/2025;4816,20;86.954,97
18.01.2025;Z01891;Ýþyeri no:000000000771359,Tutar : 1086,7 Komisyon : 0,Bloke No : 1144219134, BT: 27/12/2024, ÇT:17/01/2025;1086,70;82.138,77
18.01.2025;Z01890;Ýþyeri no:000000000771359,Tutar : 328 Komisyon : 0,Bloke No : 1144219132, BT: 27/12/2024, ÇT:17/01/2025;328,00;81.052,07
18.01.2025;Z01889;Ýþyeri no:000000000771359,Tutar : 889,9 Komisyon : 0,Bloke No : 1144219130, BT: 27/12/2024, ÇT:17/01/2025;889,90;80.724,07
18.01.2025;Z01888;Ýþyeri no:000000000771359,Tutar : 120 Komisyon : 0,Bloke No : 1144219129, BT: 27/12/2024, ÇT:17/01/2025;120,00;79.834,17
18.01.2025;Z01887;Ýþyeri no:000000000771359,Tutar : 162 Komisyon : 0,Bloke No : 1144219128, BT: 27/12/2024, ÇT:17/01/2025;162,00;79.714,17
18.01.2025;Z01886;Ýþyeri no:000000000771359,Tutar : 100 Komisyon : 0,Bloke No : 1144219127, BT: 27/12/2024, ÇT:17/01/2025;100,00;79.552,17
18.01.2025;Z01885;Ýþyeri no:000000000771359,Tutar : 787,76 Komisyon : 0,Bloke No : 1144219120, BT: 27/12/2024, ÇT:17/01/2025;787,76;79.452,17
18.01.2025;Z01884;Ýþyeri no:000000000771359,Tutar : 6577,1 Komisyon : 0,Bloke No : 1144219118, BT: 27/12/2024, ÇT:17/01/2025;6577,10;78.664,41
18.01.2025;Z01883;Ýþyeri no:000000000771359,Tutar : 1574 Komisyon : 0,Bloke No : 1144219117, BT: 27/12/2024, ÇT:17/01/2025;1574,00;72.087,31
18.01.2025;Z00681;Ýþyeri no:000000000771359,Tutar : 80,11 Komisyon : 0,Bloke No : 1144219126, BT: 27/12/2024, ÇT:17/01/2025;80,11;70.513,31
18.01.2025;Z00680;Ýþyeri no:000000000771359,Tutar : 2390,9 Komisyon : 0,Bloke No : 1144219124, BT: 27/12/2024, ÇT:17/01/2025;2390,90;70.433,20
18.01.2025;Z00679;Ýþyeri no:000000000771359,Tutar : 6798,92 Komisyon : 0,Bloke No : 1144219123, BT: 27/12/2024, ÇT:17/01/2025;6798,92;68.042,30
18.01.2025;Z00678;Ýþyeri no:000000000771359,Tutar : 1444,59 Komisyon : 0,Bloke No : 1144219122, BT: 27/12/2024, ÇT:17/01/2025;1444,59;61.243,38
18.01.2025;Z00677;Ýþyeri no:000000000771359,Tutar : 4283,8 Komisyon : 0,Bloke No : 1144219121, BT: 27/12/2024, ÇT:17/01/2025;4283,80;59.798,79
18.01.2025;Z00676;Ýþyeri no:000000000771359,Tutar : 40 Komisyon : 0,Bloke No : 1144219116, BT: 27/12/2024, ÇT:17/01/2025;40,00;55.514,99
18.01.2025;Z00675;Ýþyeri no:000000000771359,Tutar : 229,5 Komisyon : 0,Bloke No : 1144219114, BT: 27/12/2024, ÇT:17/01/2025;229,50;55.474,99
18.01.2025;Z00674;Ýþyeri no:000000000771359,Tutar : 12458,29 Komisyon : 0,Bloke No : 1144219113, BT: 27/12/2024, ÇT:17/01/2025;12458,29;55.245,49
18.01.2025;Z00673;Ýþyeri no:000000000771359,Tutar : 2129,8 Komisyon : 0,Bloke No : 1144219112, BT: 27/12/2024, ÇT:17/01/2025;2129,80;42.787,20
18.01.2025;Z00672;Ýþyeri no:000000000771359,Tutar : 1233,6 Komisyon : 0,Bloke No : 1144219110, BT: 27/12/2024, ÇT:17/01/2025;1233,60;40.657,40
18.01.2025;Z00671;Ýþyeri no:000000000771359,Tutar : 87,7 Komisyon : 0,Bloke No : 1144219109, BT: 27/12/2024, ÇT:17/01/2025;87,70;39.423,80
18.01.2025;Z00670;Ýþyeri no:000000000771359,Tutar : 7195,32 Komisyon : 0,Bloke No : 1144219108, BT: 27/12/2024, ÇT:17/01/2025;7195,32;39.336,10
18.01.2025;Z00669;Ýþyeri no:000000000771359,Tutar : 7268,2 Komisyon : 0,Bloke No : 1144219106, BT: 27/12/2024, ÇT:17/01/2025;7268,20;32.140,78
18.01.2025;Z00668;Ýþyeri no:000000000771359,Tutar : 2914,53 Komisyon : 0,Bloke No : 1144219105, BT: 27/12/2024, ÇT:17/01/2025;2914,53;24.872,58
18.01.2025;Z00667;Ýþyeri no:000000000771359,Tutar : 870 Komisyon : 0,Bloke No : 1144219104, BT: 27/12/2024, ÇT:17/01/2025;870,00;21.958,05
17.01.2025;F10050;2343HOHH25029571 Referanslý Havale - BSMV Tahsilatý;-0,15;21.088,05
17.01.2025;F10050;2343HOHH25029571 Referanslý Havale Komisyonu Tahsilatý;-3,04;21.088,20
17.01.2025;F10050;AH12024000000028 NOLU FATURA ÖDEMESÝ AHMET KURT Ziraat Mobil Havale;-2145,00;21.091,24
17.01.2025;F10047;MESAJ ÜCRETÝ TUTARI;-0,44;23.236,24
17.01.2025;F10047;BSMV TUTARI;-0,59;23.236,68
17.01.2025;F10047;KOMÝSYON TUTARI;-11,78;23.237,27
17.01.2025;F10047;Denizbank A.Þ./TR970013400000514351900001-Kamil Þükran Arýsoy/GIB2024000000053 NL FATURA ÖDEMESÝFAST iþlemi;-16596,50;23.249,05
17.01.2025;F03872;5472 **** **** 3403 KK OTOMATÝK ÖDEME;-874361,31;39.845,55
17.01.2025;Z02244;Ýþyeri no:000000000771359,Tutar : 212 Komisyon : 0,Bloke No : 1142374854, BT: 26/12/2024, ÇT:16/01/2025;212,00;914.206,86
17.01.2025;Z02243;Ýþyeri no:000000000771359,Tutar : 1211,2 Komisyon : 0,Bloke No : 1142374853, BT: 26/12/2024, ÇT:16/01/2025;1211,20;913.994,86
17.01.2025;Z02242;Ýþyeri no:000000000771359,Tutar : 1497,5 Komisyon : 0,Bloke No : 1142374846, BT: 26/12/2024, ÇT:16/01/2025;1497,50;912.783,66
17.01.2025;Z02241;Ýþyeri no:000000000771359,Tutar : 99 Komisyon : 0,Bloke No : 1142374845, BT: 26/12/2024, ÇT:16/01/2025;99,00;911.286,16
17.01.2025;Z02240;Ýþyeri no:000000000771359,Tutar : 728,86 Komisyon : 0,Bloke No : 1142374843, BT: 26/12/2024, ÇT:16/01/2025;728,86;911.187,16
17.01.2025;Z02239;Ýþyeri no:000000000771359,Tutar : 480 Komisyon : 0,Bloke No : 1142374842, BT: 26/12/2024, ÇT:16/01/2025;480,00;910.458,30
17.01.2025;Z02238;Ýþyeri no:000000000771359,Tutar : 10 Komisyon : 0,Bloke No : 1142374841, BT: 26/12/2024, ÇT:16/01/2025;10,00;909.978,30
17.01.2025;Z00599;Ýþyeri no:000000000771359,Tutar : 1433,6 Komisyon : 0,Bloke No : 1142374852, BT: 26/12/2024, ÇT:16/01/2025;1433,60;909.968,30
17.01.2025;Z00598;Ýþyeri no:000000000771359,Tutar : 2502,9 Komisyon : 0,Bloke No : 1142374851, BT: 26/12/2024, ÇT:16/01/2025;2502,90;908.534,70
17.01.2025;Z00597;Ýþyeri no:000000000771359,Tutar : 11302,95 Komisyon : 0,Bloke No : 1142374850, BT: 26/12/2024, ÇT:16/01/2025;11302,95;906.031,80
17.01.2025;Z00596;Ýþyeri no:000000000771359,Tutar : 3093,73 Komisyon : 0,Bloke No : 1142374849, BT: 26/12/2024, ÇT:16/01/2025;3093,73;894.728,85
17.01.2025;Z00595;Ýþyeri no:000000000771359,Tutar : 3611,6 Komisyon : 0,Bloke No : 1142374848, BT: 26/12/2024, ÇT:16/01/2025;3611,60;891.635,12
17.01.2025;Z00594;Ýþyeri no:000000000771359,Tutar : 30 Komisyon : 0,Bloke No : 1142374847, BT: 26/12/2024, ÇT:16/01/2025;30,00;888.023,52
17.01.2025;Z00593;Ýþyeri no:000000000771359,Tutar : 108 Komisyon : 0,Bloke No : 1142374844, BT: 26/12/2024, ÇT:16/01/2025;108,00;887.993,52
17.01.2025;Z00592;Ýþyeri no:000000000771359,Tutar : 84 Komisyon : 0,Bloke No : 1142374840, BT: 26/12/2024, ÇT:16/01/2025;84,00;887.885,52
17.01.2025;Z00591;Ýþyeri no:000000000771359,Tutar : 8988,7 Komisyon : 0,Bloke No : 1142374839, BT: 26/12/2024, ÇT:16/01/2025;8988,70;887.801,52
17.01.2025;Z00590;Ýþyeri no:000000000771359,Tutar : 4670,24 Komisyon : 0,Bloke No : 1142374838, BT: 26/12/2024, ÇT:16/01/2025;4670,24;878.812,82
17.01.2025;Z00589;Ýþyeri no:000000000771359,Tutar : 62 Komisyon : 0,Bloke No : 1142374837, BT: 26/12/2024, ÇT:16/01/2025;62,00;874.142,58
17.01.2025;Z00588;Ýþyeri no:000000000771359,Tutar : 248 Komisyon : 0,Bloke No : 1142374836, BT: 26/12/2024, ÇT:16/01/2025;248,00;874.080,58
17.01.2025;Z00587;Ýþyeri no:000000000771359,Tutar : 14378,97 Komisyon : 0,Bloke No : 1142374835, BT: 26/12/2024, ÇT:16/01/2025;14378,97;873.832,58
17.01.2025;Z00586;Ýþyeri no:000000000771359,Tutar : 3755,4 Komisyon : 0,Bloke No : 1142374834, BT: 26/12/2024, ÇT:16/01/2025;3755,40;859.453,61
17.01.2025;Z00585;Ýþyeri no:000000000771359,Tutar : 2988,94 Komisyon : 0,Bloke No : 1142374833, BT: 26/12/2024, ÇT:16/01/2025;2988,94;855.698,21
17.01.2025;Z00584;Ýþyeri no:000000000771359,Tutar : 995 Komisyon : 0,Bloke No : 1142374832, BT: 26/12/2024, ÇT:16/01/2025;995,00;852.709,27
16.01.2025;Z02391;Ýþyeri no:000000000771359,Tutar : 648 Komisyon : 0,Bloke No : 1140491483, BT: 25/12/2024, ÇT:15/01/2025;648,00;851.714,27
16.01.2025;Z02390;Ýþyeri no:000000000771359,Tutar : 428,4 Komisyon : 0,Bloke No : 1140491482, BT: 25/12/2024, ÇT:15/01/2025;428,40;851.066,27
16.01.2025;Z02389;Ýþyeri no:000000000771359,Tutar : 1088,2 Komisyon : 0,Bloke No : 1140491468, BT: 25/12/2024, ÇT:15/01/2025;1088,20;850.637,87
16.01.2025;Z02388;Ýþyeri no:000000000771359,Tutar : 309 Komisyon : 0,Bloke No : 1140491465, BT: 25/12/2024, ÇT:15/01/2025;309,00;849.549,67
16.01.2025;Z00588;Ýþyeri no:000000000771359,Tutar : 29 Komisyon : 0,Bloke No : 1140491481, BT: 25/12/2024, ÇT:15/01/2025;29,00;849.240,67
16.01.2025;Z00587;Ýþyeri no:000000000771359,Tutar : 82,5 Komisyon : 0,Bloke No : 1140491479, BT: 25/12/2024, ÇT:15/01/2025;82,50;849.211,67
16.01.2025;Z00586;Ýþyeri no:000000000771359,Tutar : 2644,6 Komisyon : 0,Bloke No : 1140491478, BT: 25/12/2024, ÇT:15/01/2025;2644,60;849.129,17
16.01.2025;Z00585;Ýþyeri no:000000000771359,Tutar : 295 Komisyon : 0,Bloke No : 1140491477, BT: 25/12/2024, ÇT:15/01/2025;295,00;846.484,57
16.01.2025;Z00584;Ýþyeri no:000000000771359,Tutar : 4677,1 Komisyon : 0,Bloke No : 1140491475, BT: 25/12/2024, ÇT:15/01/2025;4677,10;846.189,57
16.01.2025;Z00583;Ýþyeri no:000000000771359,Tutar : 308 Komisyon : 0,Bloke No : 1140491474, BT: 25/12/2024, ÇT:15/01/2025;308,00;841.512,47
16.01.2025;Z00582;Ýþyeri no:000000000771359,Tutar : 1401,4 Komisyon : 0,Bloke No : 1140491472, BT: 25/12/2024, ÇT:15/01/2025;1401,40;841.204,47
16.01.2025;Z00581;Ýþyeri no:000000000771359,Tutar : 112,4 Komisyon : 0,Bloke No : 1140491470, BT: 25/12/2024, ÇT:15/01/2025;112,40;839.803,07
16.01.2025;Z00580;Ýþyeri no:000000000771359,Tutar : 1370 Komisyon : 0,Bloke No : 1140491464, BT: 25/12/2024, ÇT:15/01/2025;1370,00;839.690,67
16.01.2025;Z00579;Ýþyeri no:000000000771359,Tutar : 6843,74 Komisyon : 0,Bloke No : 1140491462, BT: 25/12/2024, ÇT:15/01/2025;6843,74;838.320,67
16.01.2025;Z00578;Ýþyeri no:000000000771359,Tutar : 72 Komisyon : 0,Bloke No : 1140491460, BT: 25/12/2024, ÇT:15/01/2025;72,00;831.476,93
16.01.2025;Z00577;Ýþyeri no:000000000771359,Tutar : 20977,51 Komisyon : 0,Bloke No : 1140491458, BT: 25/12/2024, ÇT:15/01/2025;20977,51;831.404,93
16.01.2025;Z00576;Ýþyeri no:000000000771359,Tutar : 2176,3 Komisyon : 0,Bloke No : 1140491455, BT: 25/12/2024, ÇT:15/01/2025;2176,30;810.427,42
16.01.2025;Z00575;Ýþyeri no:000000000771359,Tutar : 1728,4 Komisyon : 0,Bloke No : 1140491454, BT: 25/12/2024, ÇT:15/01/2025;1728,40;808.251,12
16.01.2025;Z00574;Ýþyeri no:000000000771359,Tutar : 288,45 Komisyon : 0,Bloke No : 1140491450, BT: 25/12/2024, ÇT:15/01/2025;288,45;806.522,72
15.01.2025;Z02636;Ýþyeri no:000000000771359,Tutar : 942,8 Komisyon : 0,Bloke No : 1138681180, BT: 24/12/2024, ÇT:14/01/2025;942,80;806.234,27
15.01.2025;Z02635;Ýþyeri no:000000000771359,Tutar : 419 Komisyon : 0,Bloke No : 1138681179, BT: 24/12/2024, ÇT:14/01/2025;419,00;805.291,47
15.01.2025;Z02634;Ýþyeri no:000000000771359,Tutar : 3377,46 Komisyon : 0,Bloke No : 1138681178, BT: 24/12/2024, ÇT:14/01/2025;3377,46;804.872,47
15.01.2025;Z02633;Ýþyeri no:000000000771359,Tutar : 673,5 Komisyon : 0,Bloke No : 1138681177, BT: 24/12/2024, ÇT:14/01/2025;673,50;801.495,01
15.01.2025;Z02632;Ýþyeri no:000000000771359,Tutar : 916,1 Komisyon : 0,Bloke No : 1138681168, BT: 24/12/2024, ÇT:14/01/2025;916,10;800.821,51
15.01.2025;Z02631;Ýþyeri no:000000000771359,Tutar : 120 Komisyon : 0,Bloke No : 1138681167, BT: 24/12/2024, ÇT:14/01/2025;120,00;799.905,41
15.01.2025;Z02630;Ýþyeri no:000000000771359,Tutar : 97,71 Komisyon : 0,Bloke No : 1138681166, BT: 24/12/2024, ÇT:14/01/2025;97,71;799.785,41
15.01.2025;Z01042;Ýþyeri no:000000000771359,Tutar : 70,4 Komisyon : 0,Bloke No : 1138681176, BT: 24/12/2024, ÇT:14/01/2025;70,40;799.687,70
15.01.2025;Z01041;Ýþyeri no:000000000771359,Tutar : 2212 Komisyon : 0,Bloke No : 1138681175, BT: 24/12/2024, ÇT:14/01/2025;2212,00;799.617,30
15.01.2025;Z01040;Ýþyeri no:000000000771359,Tutar : 111,2 Komisyon : 0,Bloke No : 1138681174, BT: 24/12/2024, ÇT:14/01/2025;111,20;797.405,30
15.01.2025;Z01039;Ýþyeri no:000000000771359,Tutar : 9554,83 Komisyon : 0,Bloke No : 1138681173, BT: 24/12/2024, ÇT:14/01/2025;9554,83;797.294,10
15.01.2025;Z01038;Ýþyeri no:000000000771359,Tutar : 2085,5 Komisyon : 0,Bloke No : 1138681172, BT: 24/12/2024, ÇT:14/01/2025;2085,50;787.739,27
15.01.2025;Z01037;Ýþyeri no:000000000771359,Tutar : 509,2 Komisyon : 0,Bloke No : 1138681171, BT: 24/12/2024, ÇT:14/01/2025;509,20;785.653,77
15.01.2025;Z01036;Ýþyeri no:000000000771359,Tutar : 1150 Komisyon : 0,Bloke No : 1138681170, BT: 24/12/2024, ÇT:14/01/2025;1150,00;785.144,57
15.01.2025;Z01035;Ýþyeri no:000000000771359,Tutar : 1580 Komisyon : 0,Bloke No : 1138681169, BT: 24/12/2024, ÇT:14/01/2025;1580,00;783.994,57
15.01.2025;Z01034;Ýþyeri no:000000000771359,Tutar : 759,9 Komisyon : 0,Bloke No : 1138681165, BT: 24/12/2024, ÇT:14/01/2025;759,90;782.414,57
15.01.2025;Z01033;Ýþyeri no:000000000771359,Tutar : 5289,22 Komisyon : 0,Bloke No : 1138681164, BT: 24/12/2024, ÇT:14/01/2025;5289,22;781.654,67
15.01.2025;Z01032;Ýþyeri no:000000000771359,Tutar : 5306,9 Komisyon : 0,Bloke No : 1138681163, BT: 24/12/2024, ÇT:14/01/2025;5306,90;776.365,45
15.01.2025;Z01031;Ýþyeri no:000000000771359,Tutar : 9149,26 Komisyon : 0,Bloke No : 1138681162, BT: 24/12/2024, ÇT:14/01/2025;9149,26;771.058,55
15.01.2025;Z01030;Ýþyeri no:000000000771359,Tutar : 19172,14 Komisyon : 0,Bloke No : 1138681161, BT: 24/12/2024, ÇT:14/01/2025;19172,14;761.909,29
15.01.2025;Z01029;Ýþyeri no:000000000771359,Tutar : 2400,6 Komisyon : 0,Bloke No : 1138681160, BT: 24/12/2024, ÇT:14/01/2025;2400,60;742.737,15
15.01.2025;Z01028;Ýþyeri no:000000000771359,Tutar : 1500 Komisyon : 0,Bloke No : 1138681159, BT: 24/12/2024, ÇT:14/01/2025;1500,00;740.336,55
14.01.2025;Z02378;Ýþyeri no:000000000771359,Tutar : 692,6 Komisyon : 0,Bloke No : 1136917032, BT: 23/12/2024, ÇT:13/01/2025;692,60;738.836,55
14.01.2025;Z02377;Ýþyeri no:000000000771359,Tutar : 968 Komisyon : 0,Bloke No : 1136917031, BT: 23/12/2024, ÇT:13/01/2025;968,00;738.143,95
14.01.2025;Z02376;Ýþyeri no:000000000771359,Tutar : 410 Komisyon : 0,Bloke No : 1136917030, BT: 23/12/2024, ÇT:13/01/2025;410,00;737.175,95
14.01.2025;Z02375;Ýþyeri no:000000000771359,Tutar : 253,4 Komisyon : 0,Bloke No : 1136917029, BT: 23/12/2024, ÇT:13/01/2025;253,40;736.765,95
14.01.2025;Z02374;Ýþyeri no:000000000771359,Tutar : 926 Komisyon : 0,Bloke No : 1136917022, BT: 23/12/2024, ÇT:13/01/2025;926,00;736.512,55
14.01.2025;Z02373;Ýþyeri no:000000000771359,Tutar : 286 Komisyon : 0,Bloke No : 1136917021, BT: 23/12/2024, ÇT:13/01/2025;286,00;735.586,55
14.01.2025;Z02372;Ýþyeri no:000000000771359,Tutar : 1564,92 Komisyon : 0,Bloke No : 1136917020, BT: 23/12/2024, ÇT:13/01/2025;1564,92;735.300,55
14.01.2025;Z02371;Ýþyeri no:000000000771359,Tutar : 752,8 Komisyon : 0,Bloke No : 1136917019, BT: 23/12/2024, ÇT:13/01/2025;752,80;733.735,63
14.01.2025;Z01461;Ýþyeri no:000000000771359,Tutar : 372 Komisyon : 0,Bloke No : 1136917028, BT: 23/12/2024, ÇT:13/01/2025;372,00;732.982,83
14.01.2025;Z01460;Ýþyeri no:000000000771359,Tutar : 1650,6 Komisyon : 0,Bloke No : 1136917027, BT: 23/12/2024, ÇT:13/01/2025;1650,60;732.610,83
14.01.2025;Z01459;Ýþyeri no:000000000771359,Tutar : 3770,2 Komisyon : 0,Bloke No : 1136917026, BT: 23/12/2024, ÇT:13/01/2025;3770,20;730.960,23
14.01.2025;Z01458;Ýþyeri no:000000000771359,Tutar : 4412,9 Komisyon : 0,Bloke No : 1136917025, BT: 23/12/2024, ÇT:13/01/2025;4412,90;727.190,03
14.01.2025;Z01457;Ýþyeri no:000000000771359,Tutar : 1359 Komisyon : 0,Bloke No : 1136917024, BT: 23/12/2024, ÇT:13/01/2025;1359,00;722.777,13
14.01.2025;Z01456;Ýþyeri no:000000000771359,Tutar : 233,2 Komisyon : 0,Bloke No : 1136917023, BT: 23/12/2024, ÇT:13/01/2025;233,20;721.418,13
14.01.2025;Z01455;Ýþyeri no:000000000771359,Tutar : 420,4 Komisyon : 0,Bloke No : 1136917018, BT: 23/12/2024, ÇT:13/01/2025;420,40;721.184,93
14.01.2025;Z01454;Ýþyeri no:000000000771359,Tutar : 5188,38 Komisyon : 0,Bloke No : 1136917017, BT: 23/12/2024, ÇT:13/01/2025;5188,38;720.764,53
14.01.2025;Z01453;Ýþyeri no:000000000771359,Tutar : 1136 Komisyon : 0,Bloke No : 1136917016, BT: 23/12/2024, ÇT:13/01/2025;1136,00;715.576,15
14.01.2025;Z01452;Ýþyeri no:000000000771359,Tutar : 488 Komisyon : 0,Bloke No : 1136917015, BT: 23/12/2024, ÇT:13/01/2025;488,00;714.440,15
14.01.2025;Z01451;Ýþyeri no:000000000771359,Tutar : 16577,95 Komisyon : 0,Bloke No : 1136917014, BT: 23/12/2024, ÇT:13/01/2025;16577,95;713.952,15
14.01.2025;Z01450;Ýþyeri no:000000000771359,Tutar : 29188,86 Komisyon : 0,Bloke No : 1136917013, BT: 23/12/2024, ÇT:13/01/2025;29188,86;697.374,20
14.01.2025;Z01449;Ýþyeri no:000000000771359,Tutar : 2094,6 Komisyon : 0,Bloke No : 1136917012, BT: 23/12/2024, ÇT:13/01/2025;2094,60;668.185,34
14.01.2025;Z01448;Ýþyeri no:000000000771359,Tutar : 125 Komisyon : 0,Bloke No : 1136917011, BT: 23/12/2024, ÇT:13/01/2025;125,00;666.090,74
13.01.2025;Z05454;Ýþyeri no:000000000771359,Tutar : 606,9 Komisyon : 0,Bloke No : 1135215454, BT: 22/12/2024, ÇT:12/01/2025;606,90;665.965,74
13.01.2025;Z05453;Ýþyeri no:000000000771359,Tutar : 311,8 Komisyon : 0,Bloke No : 1135215453, BT: 22/12/2024, ÇT:12/01/2025;311,80;665.358,84
13.01.2025;Z05452;Ýþyeri no:000000000771359,Tutar : 523,6 Komisyon : 0,Bloke No : 1135215452, BT: 22/12/2024, ÇT:12/01/2025;523,60;665.047,04
13.01.2025;Z05451;Ýþyeri no:000000000771359,Tutar : 825,2 Komisyon : 0,Bloke No : 1135215451, BT: 22/12/2024, ÇT:12/01/2025;825,20;664.523,44
13.01.2025;Z05450;Ýþyeri no:000000000771359,Tutar : 196,6 Komisyon : 0,Bloke No : 1135215443, BT: 22/12/2024, ÇT:12/01/2025;196,60;663.698,24
13.01.2025;Z05449;Ýþyeri no:000000000771359,Tutar : 1296 Komisyon : 0,Bloke No : 1135215442, BT: 22/12/2024, ÇT:12/01/2025;1296,00;663.501,64
13.01.2025;Z05448;Ýþyeri no:000000000771359,Tutar : 415,6 Komisyon : 0,Bloke No : 1135215441, BT: 22/12/2024, ÇT:12/01/2025;415,60;662.205,64
13.01.2025;Z05447;Ýþyeri no:000000000771359,Tutar : 400 Komisyon : 0,Bloke No : 1135215440, BT: 22/12/2024, ÇT:12/01/2025;400,00;661.790,04
13.01.2025;Z04773;Ýþyeri no:000000000771359,Tutar : 136 Komisyon : 0,Bloke No : 1135215450, BT: 22/12/2024, ÇT:12/01/2025;136,00;661.390,04
13.01.2025;Z04772;Ýþyeri no:000000000771359,Tutar : 2660,8 Komisyon : 0,Bloke No : 1135215449, BT: 22/12/2024, ÇT:12/01/2025;2660,80;661.254,04
13.01.2025;Z04771;Ýþyeri no:000000000771359,Tutar : 1282,51 Komisyon : 0,Bloke No : 1135215448, BT: 22/12/2024, ÇT:12/01/2025;1282,51;658.593,24
13.01.2025;Z04770;Ýþyeri no:000000000771359,Tutar : 7597,9 Komisyon : 0,Bloke No : 1135215447, BT: 22/12/2024, ÇT:12/01/2025;7597,90;657.310,73
13.01.2025;Z04769;Ýþyeri no:000000000771359,Tutar : 2618,75 Komisyon : 0,Bloke No : 1135215446, BT: 22/12/2024, ÇT:12/01/2025;2618,75;649.712,83
13.01.2025;Z04768;Ýþyeri no:000000000771359,Tutar : 1960,77 Komisyon : 0,Bloke No : 1135215445, BT: 22/12/2024, ÇT:12/01/2025;1960,77;647.094,08
13.01.2025;Z04767;Ýþyeri no:000000000771359,Tutar : 513,5 Komisyon : 0,Bloke No : 1135215444, BT: 22/12/2024, ÇT:12/01/2025;513,50;645.133,31
13.01.2025;Z04766;Ýþyeri no:000000000771359,Tutar : 212 Komisyon : 0,Bloke No : 1135215439, BT: 22/12/2024, ÇT:12/01/2025;212,00;644.619,81
13.01.2025;Z04765;Ýþyeri no:000000000771359,Tutar : 8540,46 Komisyon : 0,Bloke No : 1135215438, BT: 22/12/2024, ÇT:12/01/2025;8540,46;644.407,81
13.01.2025;Z04764;Ýþyeri no:000000000771359,Tutar : 3017,2 Komisyon : 0,Bloke No : 1135215437, BT: 22/12/2024, ÇT:12/01/2025;3017,20;635.867,35
13.01.2025;Z04763;Ýþyeri no:000000000771359,Tutar : 760 Komisyon : 0,Bloke No : 1135215436, BT: 22/12/2024, ÇT:12/01/2025;760,00;632.850,15
13.01.2025;Z04762;Ýþyeri no:000000000771359,Tutar : 8640,82 Komisyon : 0,Bloke No : 1135215435, BT: 22/12/2024, ÇT:12/01/2025;8640,82;632.090,15
13.01.2025;Z04761;Ýþyeri no:000000000771359,Tutar : 3670,2 Komisyon : 0,Bloke No : 1135215434, BT: 22/12/2024, ÇT:12/01/2025;3670,20;623.449,33
13.01.2025;Z04760;Ýþyeri no:000000000771359,Tutar : 4206,63 Komisyon : 0,Bloke No : 1135215433, BT: 22/12/2024, ÇT:12/01/2025;4206,63;619.779,13
13.01.2025;Z04759;Ýþyeri no:000000000771359,Tutar : 279 Komisyon : 0,Bloke No : 1135215432, BT: 22/12/2024, ÇT:12/01/2025;279,00;615.572,50
12.01.2025;Z03762;Ýþyeri no:000000000771359,Tutar : 1423,64 Komisyon : 0,Bloke No : 1133491928, BT: 21/12/2024, ÇT:11/01/2025;1423,64;615.293,50
12.01.2025;Z03761;Ýþyeri no:000000000771359,Tutar : 320 Komisyon : 0,Bloke No : 1133491927, BT: 21/12/2024, ÇT:11/01/2025;320,00;613.869,86
12.01.2025;Z03760;Ýþyeri no:000000000771359,Tutar : 700 Komisyon : 0,Bloke No : 1133491926, BT: 21/12/2024, ÇT:11/01/2025;700,00;613.549,86
12.01.2025;Z03759;Ýþyeri no:000000000771359,Tutar : 606 Komisyon : 0,Bloke No : 1133491925, BT: 21/12/2024, ÇT:11/01/2025;606,00;612.849,86
12.01.2025;Z03758;Ýþyeri no:000000000771359,Tutar : 65 Komisyon : 0,Bloke No : 1133491923, BT: 21/12/2024, ÇT:11/01/2025;65,00;612.243,86
12.01.2025;Z03757;Ýþyeri no:000000000771359,Tutar : 433,9 Komisyon : 0,Bloke No : 1133491914, BT: 21/12/2024, ÇT:11/01/2025;433,90;612.178,86
12.01.2025;Z03756;Ýþyeri no:000000000771359,Tutar : 44 Komisyon : 0,Bloke No : 1133491913, BT: 21/12/2024, ÇT:11/01/2025;44,00;611.744,96
12.01.2025;Z03755;Ýþyeri no:000000000771359,Tutar : 1578,8 Komisyon : 0,Bloke No : 1133491911, BT: 21/12/2024, ÇT:11/01/2025;1578,80;611.700,96
12.01.2025;Z02505;Ýþyeri no:000000000771359,Tutar : 2190,62 Komisyon : 0,Bloke No : 1133491922, BT: 21/12/2024, ÇT:11/01/2025;2190,62;610.122,16
12.01.2025;Z02504;Ýþyeri no:000000000771359,Tutar : 39,6 Komisyon : 0,Bloke No : 1133491920, BT: 21/12/2024, ÇT:11/01/2025;39,60;607.931,54
12.01.2025;Z02503;Ýþyeri no:000000000771359,Tutar : 6281,15 Komisyon : 0,Bloke No : 1133491919, BT: 21/12/2024, ÇT:11/01/2025;6281,15;607.891,94
12.01.2025;Z02502;Ýþyeri no:000000000771359,Tutar : 368,2 Komisyon : 0,Bloke No : 1133491918, BT: 21/12/2024, ÇT:11/01/2025;368,20;601.610,79
12.01.2025;Z02501;Ýþyeri no:000000000771359,Tutar : 1584,38 Komisyon : 0,Bloke No : 1133491917, BT: 21/12/2024, ÇT:11/01/2025;1584,38;601.242,59
12.01.2025;Z02500;Ýþyeri no:000000000771359,Tutar : 250,6 Komisyon : 0,Bloke No : 1133491915, BT: 21/12/2024, ÇT:11/01/2025;250,60;599.658,21
12.01.2025;Z02499;Ýþyeri no:000000000771359,Tutar : 1460 Komisyon : 0,Bloke No : 1133491910, BT: 21/12/2024, ÇT:11/01/2025;1460,00;599.407,61
12.01.2025;Z02498;Ýþyeri no:000000000771359,Tutar : 1252,5 Komisyon : 0,Bloke No : 1133491909, BT: 21/12/2024, ÇT:11/01/2025;1252,50;597.947,61
12.01.2025;Z02497;Ýþyeri no:000000000771359,Tutar : 2574 Komisyon : 0,Bloke No : 1133491908, BT: 21/12/2024, ÇT:11/01/2025;2574,00;596.695,11
12.01.2025;Z02496;Ýþyeri no:000000000771359,Tutar : 495,45 Komisyon : 0,Bloke No : 1133491906, BT: 21/12/2024, ÇT:11/01/2025;495,45;594.121,11
12.01.2025;Z02495;Ýþyeri no:000000000771359,Tutar : 13155,49 Komisyon : 0,Bloke No : 1133491905, BT: 21/12/2024, ÇT:11/01/2025;13155,49;593.625,66
12.01.2025;Z02494;Ýþyeri no:000000000771359,Tutar : 5220,8 Komisyon : 0,Bloke No : 1133491904, BT: 21/12/2024, ÇT:11/01/2025;5220,80;580.470,17
12.01.2025;Z02493;Ýþyeri no:000000000771359,Tutar : 3231,3 Komisyon : 0,Bloke No : 1133491902, BT: 21/12/2024, ÇT:11/01/2025;3231,30;575.249,37
12.01.2025;Z02492;Ýþyeri no:000000000771359,Tutar : 1935,75 Komisyon : 0,Bloke No : 1133491901, BT: 21/12/2024, ÇT:11/01/2025;1935,75;572.018,07
11.01.2025;Z01525;Ýþyeri no:000000000771359,Tutar : 659 Komisyon : 0,Bloke No : 1131662652, BT: 20/12/2024, ÇT:10/01/2025;659,00;570.082,32
11.01.2025;Z01524;Ýþyeri no:000000000771359,Tutar : 346,5 Komisyon : 0,Bloke No : 1131662651, BT: 20/12/2024, ÇT:10/01/2025;346,50;569.423,32
11.01.2025;Z01523;Ýþyeri no:000000000771359,Tutar : 180 Komisyon : 0,Bloke No : 1131662650, BT: 20/12/2024, ÇT:10/01/2025;180,00;569.076,82
11.01.2025;Z01522;Ýþyeri no:000000000771359,Tutar : 689 Komisyon : 0,Bloke No : 1131662649, BT: 20/12/2024, ÇT:10/01/2025;689,00;568.896,82
11.01.2025;Z01521;Ýþyeri no:000000000771359,Tutar : 290 Komisyon : 0,Bloke No : 1131662648, BT: 20/12/2024, ÇT:10/01/2025;290,00;568.207,82
11.01.2025;Z01520;Ýþyeri no:000000000771359,Tutar : 688 Komisyon : 0,Bloke No : 1131662640, BT: 20/12/2024, ÇT:10/01/2025;688,00;567.917,82
11.01.2025;Z01519;Ýþyeri no:000000000771359,Tutar : 114,4 Komisyon : 0,Bloke No : 1131662639, BT: 20/12/2024, ÇT:10/01/2025;114,40;567.229,82
11.01.2025;Z01518;Ýþyeri no:000000000771359,Tutar : 340 Komisyon : 0,Bloke No : 1131662638, BT: 20/12/2024, ÇT:10/01/2025;340,00;567.115,42
11.01.2025;Z01517;Ýþyeri no:000000000771359,Tutar : 125 Komisyon : 0,Bloke No : 1131662637, BT: 20/12/2024, ÇT:10/01/2025;125,00;566.775,42
11.01.2025;Z00503;Ýþyeri no:000000000771359,Tutar : 341,7 Komisyon : 0,Bloke No : 1131662647, BT: 20/12/2024, ÇT:10/01/2025;341,70;566.650,42
11.01.2025;Z00502;Ýþyeri no:000000000771359,Tutar : 2081,7 Komisyon : 0,Bloke No : 1131662646, BT: 20/12/2024, ÇT:10/01/2025;2081,70;566.308,72
11.01.2025;Z00501;Ýþyeri no:000000000771359,Tutar : 1489 Komisyon : 0,Bloke No : 1131662645, BT: 20/12/2024, ÇT:10/01/2025;1489,00;564.227,02
11.01.2025;Z00500;Ýþyeri no:000000000771359,Tutar : 7958,54 Komisyon : 0,Bloke No : 1131662644, BT: 20/12/2024, ÇT:10/01/2025;7958,54;562.738,02
11.01.2025;Z00499;Ýþyeri no:000000000771359,Tutar : 504 Komisyon : 0,Bloke No : 1131662643, BT: 20/12/2024, ÇT:10/01/2025;504,00;554.779,48
11.01.2025;Z00498;Ýþyeri no:000000000771359,Tutar : 123,5 Komisyon : 0,Bloke No : 1131662642, BT: 20/12/2024, ÇT:10/01/2025;123,50;554.275,48
11.01.2025;Z00497;Ýþyeri no:000000000771359,Tutar : 226 Komisyon : 0,Bloke No : 1131662641, BT: 20/12/2024, ÇT:10/01/2025;226,00;554.151,98
11.01.2025;Z00496;Ýþyeri no:000000000771359,Tutar : 2640 Komisyon : 0,Bloke No : 1131662636, BT: 20/12/2024, ÇT:10/01/2025;2640,00;553.925,98
11.01.2025;Z00495;Ýþyeri no:000000000771359,Tutar : 5433,22 Komisyon : 0,Bloke No : 1131662635, BT: 20/12/2024, ÇT:10/01/2025;5433,22;551.285,98
11.01.2025;Z00494;Ýþyeri no:000000000771359,Tutar : 1542,5 Komisyon : 0,Bloke No : 1131662634, BT: 20/12/2024, ÇT:10/01/2025;1542,50;545.852,76
11.01.2025;Z00493;Ýþyeri no:000000000771359,Tutar : 755,2 Komisyon : 0,Bloke No : 1131662633, BT: 20/12/2024, ÇT:10/01/2025;755,20;544.310,26
11.01.2025;Z00492;Ýþyeri no:000000000771359,Tutar : 14000,68 Komisyon : 0,Bloke No : 1131662632, BT: 20/12/2024, ÇT:10/01/2025;14000,68;543.555,06
11.01.2025;Z00491;Ýþyeri no:000000000771359,Tutar : 33767,94 Komisyon : 0,Bloke No : 1131662631, BT: 20/12/2024, ÇT:10/01/2025;33767,94;529.554,38
11.01.2025;Z00490;Ýþyeri no:000000000771359,Tutar : 680 Komisyon : 0,Bloke No : 1131662630, BT: 20/12/2024, ÇT:10/01/2025;680,00;495.786,44
10.01.2025;Z02184;Ýþyeri no:000000000771359,Tutar : 1052 Komisyon : 0,Bloke No : 1129779431, BT: 19/12/2024, ÇT:09/01/2025;1052,00;495.106,44
10.01.2025;Z02183;Ýþyeri no:000000000771359,Tutar : 260,68 Komisyon : 0,Bloke No : 1129779429, BT: 19/12/2024, ÇT:09/01/2025;260,68;494.054,44
10.01.2025;Z02182;Ýþyeri no:000000000771359,Tutar : 206,24 Komisyon : 0,Bloke No : 1129779428, BT: 19/12/2024, ÇT:09/01/2025;206,24;493.793,76
10.01.2025;Z02181;Ýþyeri no:000000000771359,Tutar : 29,6 Komisyon : 0,Bloke No : 1129779427, BT: 19/12/2024, ÇT:09/01/2025;29,60;493.587,52
10.01.2025;Z02180;Ýþyeri no:000000000771359,Tutar : 2078,2 Komisyon : 0,Bloke No : 1129779417, BT: 19/12/2024, ÇT:09/01/2025;2078,20;493.557,92
10.01.2025;Z02179;Ýþyeri no:000000000771359,Tutar : 60 Komisyon : 0,Bloke No : 1129779416, BT: 19/12/2024, ÇT:09/01/2025;60,00;491.479,72
10.01.2025;Z02178;Ýþyeri no:000000000771359,Tutar : 1467,7 Komisyon : 0,Bloke No : 1129779415, BT: 19/12/2024, ÇT:09/01/2025;1467,70;491.419,72
10.01.2025;Z02177;Ýþyeri no:000000000771359,Tutar : 245 Komisyon : 0,Bloke No : 1129779413, BT: 19/12/2024, ÇT:09/01/2025;245,00;489.952,02
10.01.2025;Z00685;Ýþyeri no:000000000771359,Tutar : 268,1 Komisyon : 0,Bloke No : 1129779425, BT: 19/12/2024, ÇT:09/01/2025;268,10;489.707,02
10.01.2025;Z00684;Ýþyeri no:000000000771359,Tutar : 64,8 Komisyon : 0,Bloke No : 1129779424, BT: 19/12/2024, ÇT:09/01/2025;64,80;489.438,92
10.01.2025;Z00683;Ýþyeri no:000000000771359,Tutar : 1818,4 Komisyon : 0,Bloke No : 1129779423, BT: 19/12/2024, ÇT:09/01/2025;1818,40;489.374,12
10.01.2025;Z00682;Ýþyeri no:000000000771359,Tutar : 10506,22 Komisyon : 0,Bloke No : 1129779421, BT: 19/12/2024, ÇT:09/01/2025;10506,22;487.555,72
10.01.2025;Z00681;Ýþyeri no:000000000771359,Tutar : 890,4 Komisyon : 0,Bloke No : 1129779420, BT: 19/12/2024, ÇT:09/01/2025;890,40;477.049,50
10.01.2025;Z00680;Ýþyeri no:000000000771359,Tutar : 29 Komisyon : 0,Bloke No : 1129779419, BT: 19/12/2024, ÇT:09/01/2025;29,00;476.159,10
10.01.2025;Z00679;Ýþyeri no:000000000771359,Tutar : 168 Komisyon : 0,Bloke No : 1129779361, BT: 19/12/2024, ÇT:09/01/2025;168,00;476.130,10
10.01.2025;Z00678;Ýþyeri no:000000000771359,Tutar : 2489 Komisyon : 0,Bloke No : 1129779359, BT: 19/12/2024, ÇT:09/01/2025;2489,00;475.962,10
10.01.2025;Z00677;Ýþyeri no:000000000771359,Tutar : 372 Komisyon : 0,Bloke No : 1129779358, BT: 19/12/2024, ÇT:09/01/2025;372,00;473.473,10
10.01.2025;Z00676;Ýþyeri no:000000000771359,Tutar : 32,4 Komisyon : 0,Bloke No : 1129779357, BT: 19/12/2024, ÇT:09/01/2025;32,40;473.101,10
10.01.2025;Z00675;Ýþyeri no:000000000771359,Tutar : 14008,09 Komisyon : 0,Bloke No : 1129779355, BT: 19/12/2024, ÇT:09/01/2025;14008,09;473.068,70
10.01.2025;Z00674;Ýþyeri no:000000000771359,Tutar : 1635,4 Komisyon : 0,Bloke No : 1129779354, BT: 19/12/2024, ÇT:09/01/2025;1635,40;459.060,61
10.01.2025;Z00673;Ýþyeri no:000000000771359,Tutar : 5470,15 Komisyon : 0,Bloke No : 1129779353, BT: 19/12/2024, ÇT:09/01/2025;5470,15;457.425,21
10.01.2025;Z00672;Ýþyeri no:000000000771359,Tutar : 860 Komisyon : 0,Bloke No : 1129779351, BT: 19/12/2024, ÇT:09/01/2025;860,00;451.955,06
09.01.2025;Z02112;Ýþyeri no:000000000771359,Tutar : 785 Komisyon : 0,Bloke No : 1127956253, BT: 18/12/2024, ÇT:08/01/2025;785,00;451.095,06
09.01.2025;Z02111;Ýþyeri no:000000000771359,Tutar : 181,92 Komisyon : 0,Bloke No : 1127956252, BT: 18/12/2024, ÇT:08/01/2025;181,92;450.310,06
09.01.2025;Z02110;Ýþyeri no:000000000771359,Tutar : 1313,6 Komisyon : 0,Bloke No : 1127956251, BT: 18/12/2024, ÇT:08/01/2025;1313,60;450.128,14
09.01.2025;Z02109;Ýþyeri no:000000000771359,Tutar : 529,8 Komisyon : 0,Bloke No : 1127956244, BT: 18/12/2024, ÇT:08/01/2025;529,80;448.814,54
09.01.2025;Z02108;Ýþyeri no:000000000771359,Tutar : 72 Komisyon : 0,Bloke No : 1127956243, BT: 18/12/2024, ÇT:08/01/2025;72,00;448.284,74
09.01.2025;Z02107;Ýþyeri no:000000000771359,Tutar : 115,4 Komisyon : 0,Bloke No : 1127956242, BT: 18/12/2024, ÇT:08/01/2025;115,40;448.212,74
09.01.2025;Z02106;Ýþyeri no:000000000771359,Tutar : 5913 Komisyon : 0,Bloke No : 1127956241, BT: 18/12/2024, ÇT:08/01/2025;5913,00;448.097,34
09.01.2025;Z02105;Ýþyeri no:000000000771359,Tutar : 300 Komisyon : 0,Bloke No : 1127956240, BT: 18/12/2024, ÇT:08/01/2025;300,00;442.184,34
09.01.2025;Z00638;Ýþyeri no:000000000771359,Tutar : 111,6 Komisyon : 0,Bloke No : 1127956250, BT: 18/12/2024, ÇT:08/01/2025;111,60;441.884,34
09.01.2025;Z00637;Ýþyeri no:000000000771359,Tutar : 2142,8 Komisyon : 0,Bloke No : 1127956249, BT: 18/12/2024, ÇT:08/01/2025;2142,80;441.772,74
09.01.2025;Z00636;Ýþyeri no:000000000771359,Tutar : 152 Komisyon : 0,Bloke No : 1127956248, BT: 18/12/2024, ÇT:08/01/2025;152,00;439.629,94
09.01.2025;Z00635;Ýþyeri no:000000000771359,Tutar : 7033,72 Komisyon : 0,Bloke No : 1127956247, BT: 18/12/2024, ÇT:08/01/2025;7033,72;439.477,94
09.01.2025;Z00634;Ýþyeri no:000000000771359,Tutar : 350 Komisyon : 0,Bloke No : 1127956246, BT: 18/12/2024, ÇT:08/01/2025;350,00;432.444,22
09.01.2025;Z00633;Ýþyeri no:000000000771359,Tutar : 726 Komisyon : 0,Bloke No : 1127956245, BT: 18/12/2024, ÇT:08/01/2025;726,00;432.094,22
09.01.2025;Z00632;Ýþyeri no:000000000771359,Tutar : 526 Komisyon : 0,Bloke No : 1127956239, BT: 18/12/2024, ÇT:08/01/2025;526,00;431.368,22
09.01.2025;Z00631;Ýþyeri no:000000000771359,Tutar : 5548,1 Komisyon : 0,Bloke No : 1127956238, BT: 18/12/2024, ÇT:08/01/2025;5548,10;430.842,22
09.01.2025;Z00630;Ýþyeri no:000000000771359,Tutar : 8976 Komisyon : 0,Bloke No : 1127956237, BT: 18/12/2024, ÇT:08/01/2025;8976,00;425.294,12
09.01.2025;Z00629;Ýþyeri no:000000000771359,Tutar : 852 Komisyon : 0,Bloke No : 1127956236, BT: 18/12/2024, ÇT:08/01/2025;852,00;416.318,12
09.01.2025;Z00628;Ýþyeri no:000000000771359,Tutar : 1504,8 Komisyon : 0,Bloke No : 1127956235, BT: 18/12/2024, ÇT:08/01/2025;1504,80;415.466,12
09.01.2025;Z00627;Ýþyeri no:000000000771359,Tutar : 10356,68 Komisyon : 0,Bloke No : 1127956234, BT: 18/12/2024, ÇT:08/01/2025;10356,68;413.961,32
09.01.2025;Z00626;Ýþyeri no:000000000771359,Tutar : 739 Komisyon : 0,Bloke No : 1127956233, BT: 18/12/2024, ÇT:08/01/2025;739,00;403.604,64
09.01.2025;Z00625;Ýþyeri no:000000000771359,Tutar : 1346,72 Komisyon : 0,Bloke No : 1127956232, BT: 18/12/2024, ÇT:08/01/2025;1346,72;402.865,64
09.01.2025;Z00624;Ýþyeri no:000000000771359,Tutar : 20291 Komisyon : 0,Bloke No : 1127956231, BT: 18/12/2024, ÇT:08/01/2025;20291,00;401.518,92
08.01.2025;Z02197;Ýþyeri no:000000000771359,Tutar : 985,9 Komisyon : 0,Bloke No : 1126090168, BT: 17/12/2024, ÇT:07/01/2025;985,90;381.227,92
08.01.2025;Z02196;Ýþyeri no:000000000771359,Tutar : 220 Komisyon : 0,Bloke No : 1126090166, BT: 17/12/2024, ÇT:07/01/2025;220,00;380.242,02
08.01.2025;Z02195;Ýþyeri no:000000000771359,Tutar : 401,2 Komisyon : 0,Bloke No : 1126090164, BT: 17/12/2024, ÇT:07/01/2025;401,20;380.022,02
08.01.2025;Z02194;Ýþyeri no:000000000771359,Tutar : 3493,25 Komisyon : 0,Bloke No : 1126090145, BT: 17/12/2024, ÇT:07/01/2025;3493,25;379.620,82
08.01.2025;Z02193;Ýþyeri no:000000000771359,Tutar : 30 Komisyon : 0,Bloke No : 1126090144, BT: 17/12/2024, ÇT:07/01/2025;30,00;376.127,57
08.01.2025;Z02192;Ýþyeri no:000000000771359,Tutar : 347,6 Komisyon : 0,Bloke No : 1126090143, BT: 17/12/2024, ÇT:07/01/2025;347,60;376.097,57
08.01.2025;Z00642;Ýþyeri no:000000000771359,Tutar : 2962,3 Komisyon : 0,Bloke No : 1126090162, BT: 17/12/2024, ÇT:07/01/2025;2962,30;375.749,97
08.01.2025;Z00641;Ýþyeri no:000000000771359,Tutar : 82,4 Komisyon : 0,Bloke No : 1126090160, BT: 17/12/2024, ÇT:07/01/2025;82,40;372.787,67
08.01.2025;Z00640;Ýþyeri no:000000000771359,Tutar : 663,23 Komisyon : 0,Bloke No : 1126090157, BT: 17/12/2024, ÇT:07/01/2025;663,23;372.705,27
08.01.2025;Z00639;Ýþyeri no:000000000771359,Tutar : 774 Komisyon : 0,Bloke No : 1126090155, BT: 17/12/2024, ÇT:07/01/2025;774,00;372.042,04
08.01.2025;Z00638;Ýþyeri no:000000000771359,Tutar : 11466,69 Komisyon : 0,Bloke No : 1126090153, BT: 17/12/2024, ÇT:07/01/2025;11466,69;371.268,04
08.01.2025;Z00637;Ýþyeri no:000000000771359,Tutar : 5393,07 Komisyon : 0,Bloke No : 1126090152, BT: 17/12/2024, ÇT:07/01/2025;5393,07;359.801,35
08.01.2025;Z00636;Ýþyeri no:000000000771359,Tutar : 1110 Komisyon : 0,Bloke No : 1126090149, BT: 17/12/2024, ÇT:07/01/2025;1110,00;354.408,28
08.01.2025;Z00635;Ýþyeri no:000000000771359,Tutar : 96 Komisyon : 0,Bloke No : 1126090147, BT: 17/12/2024, ÇT:07/01/2025;96,00;353.298,28
08.01.2025;Z00634;Ýþyeri no:000000000771359,Tutar : 1200 Komisyon : 0,Bloke No : 1126090142, BT: 17/12/2024, ÇT:07/01/2025;1200,00;353.202,28
08.01.2025;Z00633;Ýþyeri no:000000000771359,Tutar : 4342,2 Komisyon : 0,Bloke No : 1126090141, BT: 17/12/2024, ÇT:07/01/2025;4342,20;352.002,28
08.01.2025;Z00632;Ýþyeri no:000000000771359,Tutar : 1516 Komisyon : 0,Bloke No : 1126090139, BT: 17/12/2024, ÇT:07/01/2025;1516,00;347.660,08
08.01.2025;Z00631;Ýþyeri no:000000000771359,Tutar : 8075,51 Komisyon : 0,Bloke No : 1126090138, BT: 17/12/2024, ÇT:07/01/2025;8075,51;346.144,08
08.01.2025;Z00630;Ýþyeri no:000000000771359,Tutar : 3235 Komisyon : 0,Bloke No : 1126090137, BT: 17/12/2024, ÇT:07/01/2025;3235,00;338.068,57
08.01.2025;Z00629;Ýþyeri no:000000000771359,Tutar : 3309,9 Komisyon : 0,Bloke No : 1126090135, BT: 17/12/2024, ÇT:07/01/2025;3309,90;334.833,57
08.01.2025;Z00628;Ýþyeri no:000000000771359,Tutar : 1200 Komisyon : 0,Bloke No : 1126090132, BT: 17/12/2024, ÇT:07/01/2025;1200,00;331.523,67
07.01.2025;Z02263;Ýþyeri no:000000000771359,Tutar : 986 Komisyon : 0,Bloke No : 1124265560, BT: 16/12/2024, ÇT:06/01/2025;986,00;330.323,67
07.01.2025;Z02262;Ýþyeri no:000000000771359,Tutar : 195,8 Komisyon : 0,Bloke No : 1124265559, BT: 16/12/2024, ÇT:06/01/2025;195,80;329.337,67
07.01.2025;Z02261;Ýþyeri no:000000000771359,Tutar : 706 Komisyon : 0,Bloke No : 1124265558, BT: 16/12/2024, ÇT:06/01/2025;706,00;329.141,87
07.01.2025;Z02260;Ýþyeri no:000000000771359,Tutar : 760,6 Komisyon : 0,Bloke No : 1124265557, BT: 16/12/2024, ÇT:06/01/2025;760,60;328.435,87
07.01.2025;Z02259;Ýþyeri no:000000000771359,Tutar : 106,8 Komisyon : 0,Bloke No : 1124265555, BT: 16/12/2024, ÇT:06/01/2025;106,80;327.675,27
07.01.2025;Z02258;Ýþyeri no:000000000771359,Tutar : 73,4 Komisyon : 0,Bloke No : 1124265548, BT: 16/12/2024, ÇT:06/01/2025;73,40;327.568,47
07.01.2025;Z02257;Ýþyeri no:000000000771359,Tutar : 2745 Komisyon : 0,Bloke No : 1124265546, BT: 16/12/2024, ÇT:06/01/2025;2745,00;327.495,07
07.01.2025;Z02256;Ýþyeri no:000000000771359,Tutar : 528,6 Komisyon : 0,Bloke No : 1124265545, BT: 16/12/2024, ÇT:06/01/2025;528,60;324.750,07
07.01.2025;Z02255;Ýþyeri no:000000000771359,Tutar : 326 Komisyon : 0,Bloke No : 1124265544, BT: 16/12/2024, ÇT:06/01/2025;326,00;324.221,47
07.01.2025;Z02254;Ýþyeri no:000000000771359,Tutar : 1109 Komisyon : 0,Bloke No : 1124265542, BT: 16/12/2024, ÇT:06/01/2025;1109,00;323.895,47
07.01.2025;Z00693;Ýþyeri no:000000000771359,Tutar : 934 Komisyon : 0,Bloke No : 1124265554, BT: 16/12/2024, ÇT:06/01/2025;934,00;322.786,47
07.01.2025;Z00692;Ýþyeri no:000000000771359,Tutar : 4795,2 Komisyon : 0,Bloke No : 1124265553, BT: 16/12/2024, ÇT:06/01/2025;4795,20;321.852,47
07.01.2025;Z00691;Ýþyeri no:000000000771359,Tutar : 1375,96 Komisyon : 0,Bloke No : 1124265552, BT: 16/12/2024, ÇT:06/01/2025;1375,96;317.057,27
07.01.2025;Z00690;Ýþyeri no:000000000771359,Tutar : 1168,6 Komisyon : 0,Bloke No : 1124265550, BT: 16/12/2024, ÇT:06/01/2025;1168,60;315.681,31
07.01.2025;Z00689;Ýþyeri no:000000000771359,Tutar : 6420,5 Komisyon : 0,Bloke No : 1124265549, BT: 16/12/2024, ÇT:06/01/2025;6420,50;314.512,71
07.01.2025;Z00688;Ýþyeri no:000000000771359,Tutar : 601,5 Komisyon : 0,Bloke No : 1124265541, BT: 16/12/2024, ÇT:06/01/2025;601,50;308.092,21
07.01.2025;Z00687;Ýþyeri no:000000000771359,Tutar : 2347,8 Komisyon : 0,Bloke No : 1124265540, BT: 16/12/2024, ÇT:06/01/2025;2347,80;307.490,71
07.01.2025;Z00686;Ýþyeri no:000000000771359,Tutar : 763,2 Komisyon : 0,Bloke No : 1124265539, BT: 16/12/2024, ÇT:06/01/2025;763,20;305.142,91
07.01.2025;Z00685;Ýþyeri no:000000000771359,Tutar : 9550,78 Komisyon : 0,Bloke No : 1124265538, BT: 16/12/2024, ÇT:06/01/2025;9550,78;304.379,71
07.01.2025;Z00684;Ýþyeri no:000000000771359,Tutar : 11574,84 Komisyon : 0,Bloke No : 1124265536, BT: 16/12/2024, ÇT:06/01/2025;11574,84;294.828,93
07.01.2025;Z00683;Ýþyeri no:000000000771359,Tutar : 414 Komisyon : 0,Bloke No : 1124265535, BT: 16/12/2024, ÇT:06/01/2025;414,00;283.254,09
07.01.2025;Z00682;Ýþyeri no:000000000771359,Tutar : 10000 Komisyon : 0,Bloke No : 1124265533, BT: 16/12/2024, ÇT:06/01/2025;10000,00;282.840,09
06.01.2025;Z05885;Ýþyeri no:000000000771359,Tutar : 412,8 Komisyon : 0,Bloke No : 1122550961, BT: 15/12/2024, ÇT:05/01/2025;412,80;272.840,09
06.01.2025;Z05884;Ýþyeri no:000000000771359,Tutar : 187,48 Komisyon : 0,Bloke No : 1122550960, BT: 15/12/2024, ÇT:05/01/2025;187,48;272.427,29
06.01.2025;Z05883;Ýþyeri no:000000000771359,Tutar : 331 Komisyon : 0,Bloke No : 1122550957, BT: 15/12/2024, ÇT:05/01/2025;331,00;272.239,81
06.01.2025;Z05882;Ýþyeri no:000000000771359,Tutar : 212 Komisyon : 0,Bloke No : 1122550955, BT: 15/12/2024, ÇT:05/01/2025;212,00;271.908,81
06.01.2025;Z05881;Ýþyeri no:000000000771359,Tutar : 203,6 Komisyon : 0,Bloke No : 1122550953, BT: 15/12/2024, ÇT:05/01/2025;203,60;271.696,81
06.01.2025;Z05880;Ýþyeri no:000000000771359,Tutar : 733,2 Komisyon : 0,Bloke No : 1122550943, BT: 15/12/2024, ÇT:05/01/2025;733,20;271.493,21
06.01.2025;Z05879;Ýþyeri no:000000000771359,Tutar : 138 Komisyon : 0,Bloke No : 1122550941, BT: 15/12/2024, ÇT:05/01/2025;138,00;270.760,01
06.01.2025;Z05878;Ýþyeri no:000000000771359,Tutar : 622 Komisyon : 0,Bloke No : 1122550939, BT: 15/12/2024, ÇT:05/01/2025;622,00;270.622,01
06.01.2025;Z05877;Ýþyeri no:000000000771359,Tutar : 2786,52 Komisyon : 0,Bloke No : 1122550937, BT: 15/12/2024, ÇT:05/01/2025;2786,52;270.000,01
06.01.2025;Z05876;Ýþyeri no:000000000771359,Tutar : 980 Komisyon : 0,Bloke No : 1122550935, BT: 15/12/2024, ÇT:05/01/2025;980,00;267.213,49
06.01.2025;Z05875;Ýþyeri no:000000000771359,Tutar : 216 Komisyon : 0,Bloke No : 1122550933, BT: 15/12/2024, ÇT:05/01/2025;216,00;266.233,49
06.01.2025;Z05216;Ýþyeri no:000000000771359,Tutar : 1895,5 Komisyon : 0,Bloke No : 1122550951, BT: 15/12/2024, ÇT:05/01/2025;1895,50;266.017,49
06.01.2025;Z05215;Ýþyeri no:000000000771359,Tutar : 491,5 Komisyon : 0,Bloke No : 1122550949, BT: 15/12/2024, ÇT:05/01/2025;491,50;264.121,99
06.01.2025;Z05214;Ýþyeri no:000000000771359,Tutar : 5810,52 Komisyon : 0,Bloke No : 1122550947, BT: 15/12/2024, ÇT:05/01/2025;5810,52;263.630,49
06.01.2025;Z05213;Ýþyeri no:000000000771359,Tutar : 1409,7 Komisyon : 0,Bloke No : 1122550945, BT: 15/12/2024, ÇT:05/01/2025;1409,70;257.819,97
06.01.2025;Z05212;Ýþyeri no:000000000771359,Tutar : 796 Komisyon : 0,Bloke No : 1122550931, BT: 15/12/2024, ÇT:05/01/2025;796,00;256.410,27
06.01.2025;Z05211;Ýþyeri no:000000000771359,Tutar : 6973,67 Komisyon : 0,Bloke No : 1122550929, BT: 15/12/2024, ÇT:05/01/2025;6973,67;255.614,27
06.01.2025;Z05210;Ýþyeri no:000000000771359,Tutar : 3617 Komisyon : 0,Bloke No : 1122550927, BT: 15/12/2024, ÇT:05/01/2025;3617,00;248.640,60
06.01.2025;Z05209;Ýþyeri no:000000000771359,Tutar : 295,2 Komisyon : 0,Bloke No : 1122550925, BT: 15/12/2024, ÇT:05/01/2025;295,20;245.023,60
06.01.2025;Z05208;Ýþyeri no:000000000771359,Tutar : 647,6 Komisyon : 0,Bloke No : 1122550923, BT: 15/12/2024, ÇT:05/01/2025;647,60;244.728,40
06.01.2025;Z05207;Ýþyeri no:000000000771359,Tutar : 7132,13 Komisyon : 0,Bloke No : 1122550921, BT: 15/12/2024, ÇT:05/01/2025;7132,13;244.080,80
06.01.2025;Z05206;Ýþyeri no:000000000771359,Tutar : 3914,2 Komisyon : 0,Bloke No : 1122550918, BT: 15/12/2024, ÇT:05/01/2025;3914,20;236.948,67
06.01.2025;Z05205;Ýþyeri no:000000000771359,Tutar : 2177,3 Komisyon : 0,Bloke No : 1122550915, BT: 15/12/2024, ÇT:05/01/2025;2177,30;233.034,47
05.01.2025;Z03722;Ýþyeri no:000000000771359,Tutar : 755,72 Komisyon : 0,Bloke No : 1120996353, BT: 14/12/2024, ÇT:04/01/2025;755,72;230.857,17
05.01.2025;Z03721;Ýþyeri no:000000000771359,Tutar : 693 Komisyon : 0,Bloke No : 1120996352, BT: 14/12/2024, ÇT:04/01/2025;693,00;230.101,45
05.01.2025;Z03720;Ýþyeri no:000000000771359,Tutar : 272,5 Komisyon : 0,Bloke No : 1120996351, BT: 14/12/2024, ÇT:04/01/2025;272,50;229.408,45
05.01.2025;Z03719;Ýþyeri no:000000000771359,Tutar : 2327,8 Komisyon : 0,Bloke No : 1120996350, BT: 14/12/2024, ÇT:04/01/2025;2327,80;229.135,95
05.01.2025;Z03718;Ýþyeri no:000000000771359,Tutar : 351,2 Komisyon : 0,Bloke No : 1120996349, BT: 14/12/2024, ÇT:04/01/2025;351,20;226.808,15
05.01.2025;Z03717;Ýþyeri no:000000000771359,Tutar : 950,6 Komisyon : 0,Bloke No : 1120996340, BT: 14/12/2024, ÇT:04/01/2025;950,60;226.456,95
05.01.2025;Z03716;Ýþyeri no:000000000771359,Tutar : 368 Komisyon : 0,Bloke No : 1120996339, BT: 14/12/2024, ÇT:04/01/2025;368,00;225.506,35
05.01.2025;Z03715;Ýþyeri no:000000000771359,Tutar : 152 Komisyon : 0,Bloke No : 1120996338, BT: 14/12/2024, ÇT:04/01/2025;152,00;225.138,35
05.01.2025;Z03714;Ýþyeri no:000000000771359,Tutar : 464 Komisyon : 0,Bloke No : 1120996337, BT: 14/12/2024, ÇT:04/01/2025;464,00;224.986,35
05.01.2025;Z02549;Ýþyeri no:000000000771359,Tutar : 292 Komisyon : 0,Bloke No : 1120996348, BT: 14/12/2024, ÇT:04/01/2025;292,00;224.522,35
05.01.2025;Z02548;Ýþyeri no:000000000771359,Tutar : 136,8 Komisyon : 0,Bloke No : 1120996347, BT: 14/12/2024, ÇT:04/01/2025;136,80;224.230,35
05.01.2025;Z02547;Ýþyeri no:000000000771359,Tutar : 1879 Komisyon : 0,Bloke No : 1120996346, BT: 14/12/2024, ÇT:04/01/2025;1879,00;224.093,55
05.01.2025;Z02546;Ýþyeri no:000000000771359,Tutar : 1913,2 Komisyon : 0,Bloke No : 1120996345, BT: 14/12/2024, ÇT:04/01/2025;1913,20;222.214,55
05.01.2025;Z02545;Ýþyeri no:000000000771359,Tutar : 1553 Komisyon : 0,Bloke No : 1120996344, BT: 14/12/2024, ÇT:04/01/2025;1553,00;220.301,35
05.01.2025;Z02544;Ýþyeri no:000000000771359,Tutar : 4127,62 Komisyon : 0,Bloke No : 1120996343, BT: 14/12/2024, ÇT:04/01/2025;4127,62;218.748,35
05.01.2025;Z02543;Ýþyeri no:000000000771359,Tutar : 1389,6 Komisyon : 0,Bloke No : 1120996342, BT: 14/12/2024, ÇT:04/01/2025;1389,60;214.620,73
05.01.2025;Z02542;Ýþyeri no:000000000771359,Tutar : 167 Komisyon : 0,Bloke No : 1120996341, BT: 14/12/2024, ÇT:04/01/2025;167,00;213.231,13
05.01.2025;Z02541;Ýþyeri no:000000000771359,Tutar : 195 Komisyon : 0,Bloke No : 1120996336, BT: 14/12/2024, ÇT:04/01/2025;195,00;213.064,13
05.01.2025;Z02540;Ýþyeri no:000000000771359,Tutar : 522,6 Komisyon : 0,Bloke No : 1120996335, BT: 14/12/2024, ÇT:04/01/2025;522,60;212.869,13
05.01.2025;Z02539;Ýþyeri no:000000000771359,Tutar : 4282,62 Komisyon : 0,Bloke No : 1120996334, BT: 14/12/2024, ÇT:04/01/2025;4282,62;212.346,53
05.01.2025;Z02538;Ýþyeri no:000000000771359,Tutar : 4829,5 Komisyon : 0,Bloke No : 1120996333, BT: 14/12/2024, ÇT:04/01/2025;4829,50;208.063,91
05.01.2025;Z02537;Ýþyeri no:000000000771359,Tutar : 188 Komisyon : 0,Bloke No : 1120996332, BT: 14/12/2024, ÇT:04/01/2025;188,00;203.234,41
05.01.2025;Z02536;Ýþyeri no:000000000771359,Tutar : 9298,83 Komisyon : 0,Bloke No : 1120996331, BT: 14/12/2024, ÇT:04/01/2025;9298,83;203.046,41
05.01.2025;Z02535;Ýþyeri no:000000000771359,Tutar : 25291,85 Komisyon : 0,Bloke No : 1120996330, BT: 14/12/2024, ÇT:04/01/2025;25291,85;193.747,58
05.01.2025;Z02534;Ýþyeri no:000000000771359,Tutar : 1962,56 Komisyon : 0,Bloke No : 1120996329, BT: 14/12/2024, ÇT:04/01/2025;1962,56;168.455,73
05.01.2025;Z02533;Ýþyeri no:000000000771359,Tutar : 1752,2 Komisyon : 0,Bloke No : 1120996328, BT: 14/12/2024, ÇT:04/01/2025;1752,20;166.493,17
04.01.2025;Z01673;Ýþyeri no:000000000771359,Tutar : 375,2 Komisyon : 0,Bloke No : 1119202168, BT: 13/12/2024, ÇT:03/01/2025;375,20;164.740,97
04.01.2025;Z01672;Ýþyeri no:000000000771359,Tutar : 667 Komisyon : 0,Bloke No : 1119202167, BT: 13/12/2024, ÇT:03/01/2025;667,00;164.365,77
04.01.2025;Z01671;Ýþyeri no:000000000771359,Tutar : 224 Komisyon : 0,Bloke No : 1119202166, BT: 13/12/2024, ÇT:03/01/2025;224,00;163.698,77
04.01.2025;Z01670;Ýþyeri no:000000000771359,Tutar : 925,7 Komisyon : 0,Bloke No : 1119202164, BT: 13/12/2024, ÇT:03/01/2025;925,70;163.474,77
04.01.2025;Z01669;Ýþyeri no:000000000771359,Tutar : 44 Komisyon : 0,Bloke No : 1119202163, BT: 13/12/2024, ÇT:03/01/2025;44,00;162.549,07
04.01.2025;Z01668;Ýþyeri no:000000000771359,Tutar : 644 Komisyon : 0,Bloke No : 1119202109, BT: 13/12/2024, ÇT:03/01/2025;644,00;162.505,07
04.01.2025;Z01667;Ýþyeri no:000000000771359,Tutar : 36 Komisyon : 0,Bloke No : 1119202107, BT: 13/12/2024, ÇT:03/01/2025;36,00;161.861,07
04.01.2025;Z01666;Ýþyeri no:000000000771359,Tutar : 143,5 Komisyon : 0,Bloke No : 1119202105, BT: 13/12/2024, ÇT:03/01/2025;143,50;161.825,07
04.01.2025;Z00459;Ýþyeri no:000000000771359,Tutar : 208 Komisyon : 0,Bloke No : 1119202162, BT: 13/12/2024, ÇT:03/01/2025;208,00;161.681,57
04.01.2025;Z00458;Ýþyeri no:000000000771359,Tutar : 2370,83 Komisyon : 0,Bloke No : 1119202160, BT: 13/12/2024, ÇT:03/01/2025;2370,83;161.473,57
04.01.2025;Z00457;Ýþyeri no:000000000771359,Tutar : 1134,2 Komisyon : 0,Bloke No : 1119202159, BT: 13/12/2024, ÇT:03/01/2025;1134,20;159.102,74
04.01.2025;Z00456;Ýþyeri no:000000000771359,Tutar : 5610,83 Komisyon : 0,Bloke No : 1119202114, BT: 13/12/2024, ÇT:03/01/2025;5610,83;157.968,54
04.01.2025;Z00455;Ýþyeri no:000000000771359,Tutar : 2357,1 Komisyon : 0,Bloke No : 1119202112, BT: 13/12/2024, ÇT:03/01/2025;2357,10;152.357,71
04.01.2025;Z00454;Ýþyeri no:000000000771359,Tutar : 689,6 Komisyon : 0,Bloke No : 1119202111, BT: 13/12/2024, ÇT:03/01/2025;689,60;150.000,61
04.01.2025;Z00453;Ýþyeri no:000000000771359,Tutar : 956,8 Komisyon : 0,Bloke No : 1119202110, BT: 13/12/2024, ÇT:03/01/2025;956,80;149.311,01
04.01.2025;Z00452;Ýþyeri no:000000000771359,Tutar : 3363,44 Komisyon : 0,Bloke No : 1119202103, BT: 13/12/2024, ÇT:03/01/2025;3363,44;148.354,21
04.01.2025;Z00451;Ýþyeri no:000000000771359,Tutar : 3991,24 Komisyon : 0,Bloke No : 1119202102, BT: 13/12/2024, ÇT:03/01/2025;3991,24;144.990,77
04.01.2025;Z00450;Ýþyeri no:000000000771359,Tutar : 160 Komisyon : 0,Bloke No : 1119202101, BT: 13/12/2024, ÇT:03/01/2025;160,00;140.999,53
04.01.2025;Z00449;Ýþyeri no:000000000771359,Tutar : 7647,89 Komisyon : 0,Bloke No : 1119202100, BT: 13/12/2024, ÇT:03/01/2025;7647,89;140.839,53
04.01.2025;Z00448;Ýþyeri no:000000000771359,Tutar : 14777,6 Komisyon : 0,Bloke No : 1119202099, BT: 13/12/2024, ÇT:03/01/2025;14777,60;133.191,64
04.01.2025;Z00447;Ýþyeri no:000000000771359,Tutar : 448,6 Komisyon : 0,Bloke No : 1119202097, BT: 13/12/2024, ÇT:03/01/2025;448,60;118.414,04
04.01.2025;Z00446;Ýþyeri no:000000000771359,Tutar : 382,4 Komisyon : 0,Bloke No : 1119202093, BT: 13/12/2024, ÇT:03/01/2025;382,40;117.965,44
03.01.2025;Z01845;Ýþyeri no:000000000771359,Tutar : 450 Komisyon : 0,Bloke No : 1117391926, BT: 12/12/2024, ÇT:02/01/2025;450,00;117.583,04
03.01.2025;Z01844;Ýþyeri no:000000000771359,Tutar : 87 Komisyon : 0,Bloke No : 1117391925, BT: 12/12/2024, ÇT:02/01/2025;87,00;117.133,04
03.01.2025;Z01843;Ýþyeri no:000000000771359,Tutar : 568,05 Komisyon : 0,Bloke No : 1117391924, BT: 12/12/2024, ÇT:02/01/2025;568,05;117.046,04
03.01.2025;Z01841;Ýþyeri no:000000000771359,Tutar : 1076,6 Komisyon : 0,Bloke No : 1117391923, BT: 12/12/2024, ÇT:02/01/2025;1076,60;116.477,99
03.01.2025;Z01840;Ýþyeri no:000000000771359,Tutar : 504 Komisyon : 0,Bloke No : 1117391922, BT: 12/12/2024, ÇT:02/01/2025;504,00;115.401,39
03.01.2025;Z01839;Ýþyeri no:000000000771359,Tutar : 304,4 Komisyon : 0,Bloke No : 1117391915, BT: 12/12/2024, ÇT:02/01/2025;304,40;114.897,39
03.01.2025;Z01838;Ýþyeri no:000000000771359,Tutar : 176 Komisyon : 0,Bloke No : 1117391914, BT: 12/12/2024, ÇT:02/01/2025;176,00;114.592,99
03.01.2025;Z01837;Ýþyeri no:000000000771359,Tutar : 1010,4 Komisyon : 0,Bloke No : 1117391913, BT: 12/12/2024, ÇT:02/01/2025;1010,40;114.416,99
03.01.2025;Z01836;Ýþyeri no:000000000771359,Tutar : 168 Komisyon : 0,Bloke No : 1117391912, BT: 12/12/2024, ÇT:02/01/2025;168,00;113.406,59
03.01.2025;Z01835;Ýþyeri no:000000000771359,Tutar : 790,4 Komisyon : 0,Bloke No : 1117391911, BT: 12/12/2024, ÇT:02/01/2025;790,40;113.238,59
03.01.2025;Z00399;Ýþyeri no:000000000771359,Tutar : 224 Komisyon : 0,Bloke No : 1117391921, BT: 12/12/2024, ÇT:02/01/2025;224,00;112.448,19
03.01.2025;Z00398;Ýþyeri no:000000000771359,Tutar : 3021,7 Komisyon : 0,Bloke No : 1117391920, BT: 12/12/2024, ÇT:02/01/2025;3021,70;112.224,19
03.01.2025;Z00397;Ýþyeri no:000000000771359,Tutar : 6040 Komisyon : 0,Bloke No : 1117391919, BT: 12/12/2024, ÇT:02/01/2025;6040,00;109.202,49
03.01.2025;Z00396;Ýþyeri no:000000000771359,Tutar : 1550,6 Komisyon : 0,Bloke No : 1117391918, BT: 12/12/2024, ÇT:02/01/2025;1550,60;103.162,49
03.01.2025;Z00395;Ýþyeri no:000000000771359,Tutar : 1261,8 Komisyon : 0,Bloke No : 1117391917, BT: 12/12/2024, ÇT:02/01/2025;1261,80;101.611,89
03.01.2025;Z00394;Ýþyeri no:000000000771359,Tutar : 861 Komisyon : 0,Bloke No : 1117391916, BT: 12/12/2024, ÇT:02/01/2025;861,00;100.350,09
03.01.2025;Z00393;Ýþyeri no:000000000771359,Tutar : 6541,06 Komisyon : 0,Bloke No : 1117391910, BT: 12/12/2024, ÇT:02/01/2025;6541,06;99.489,09
03.01.2025;Z00392;Ýþyeri no:000000000771359,Tutar : 1146 Komisyon : 0,Bloke No : 1117391909, BT: 12/12/2024, ÇT:02/01/2025;1146,00;92.948,03
03.01.2025;Z00391;Ýþyeri no:000000000771359,Tutar : 398,45 Komisyon : 0,Bloke No : 1117391908, BT: 12/12/2024, ÇT:02/01/2025;398,45;91.802,03
03.01.2025;Z00390;Ýþyeri no:000000000771359,Tutar : 6274,48 Komisyon : 0,Bloke No : 1117391907, BT: 12/12/2024, ÇT:02/01/2025;6274,48;91.403,58
03.01.2025;Z00389;Ýþyeri no:000000000771359,Tutar : 1844 Komisyon : 0,Bloke No : 1117391906, BT: 12/12/2024, ÇT:02/01/2025;1844,00;85.129,10
03.01.2025;Z00388;Ýþyeri no:000000000771359,Tutar : 602,57 Komisyon : 0,Bloke No : 1117391905, BT: 12/12/2024, ÇT:02/01/2025;602,57;83.285,10
03.01.2025;Z00387;Ýþyeri no:000000000771359,Tutar : 603,92 Komisyon : 0,Bloke No : 1117391904, BT: 12/12/2024, ÇT:02/01/2025;603,92;82.682,53
02.01.2025;Z07945;Ýþyeri no:000000000771359,Tutar : 2537,6 Komisyon : 0,Bloke No : 1115536486, BT: 11/12/2024, ÇT:01/01/2025;2537,60;82.078,61
02.01.2025;Z07944;Ýþyeri no:000000000771359,Tutar : 103,6 Komisyon : 0,Bloke No : 1115536485, BT: 11/12/2024, ÇT:01/01/2025;103,60;79.541,01
02.01.2025;Z07943;Ýþyeri no:000000000771359,Tutar : 564,4 Komisyon : 0,Bloke No : 1115536483, BT: 11/12/2024, ÇT:01/01/2025;564,40;79.437,41
02.01.2025;Z07942;Ýþyeri no:000000000771359,Tutar : 327,6 Komisyon : 0,Bloke No : 1115536482, BT: 11/12/2024, ÇT:01/01/2025;327,60;78.873,01
02.01.2025;Z07941;Ýþyeri no:000000000771359,Tutar : 33 Komisyon : 0,Bloke No : 1115536471, BT: 11/12/2024, ÇT:01/01/2025;33,00;78.545,41
02.01.2025;Z07116;Ýþyeri no:000000000771359,Tutar : 581 Komisyon : 0,Bloke No : 1115536481, BT: 11/12/2024, ÇT:01/01/2025;581,00;78.512,41
02.01.2025;Z07115;Ýþyeri no:000000000771359,Tutar : 792,7 Komisyon : 0,Bloke No : 1115536479, BT: 11/12/2024, ÇT:01/01/2025;792,70;77.931,41
02.01.2025;Z07114;Ýþyeri no:000000000771359,Tutar : 108,8 Komisyon : 0,Bloke No : 1115536478, BT: 11/12/2024, ÇT:01/01/2025;108,80;77.138,71
02.01.2025;Z07113;Ýþyeri no:000000000771359,Tutar : 4324,79 Komisyon : 0,Bloke No : 1115536477, BT: 11/12/2024, ÇT:01/01/2025;4324,79;77.029,91
02.01.2025;Z07112;Ýþyeri no:000000000771359,Tutar : 3438,4 Komisyon : 0,Bloke No : 1115536475, BT: 11/12/2024, ÇT:01/01/2025;3438,40;72.705,12
02.01.2025;Z07111;Ýþyeri no:000000000771359,Tutar : 832,53 Komisyon : 0,Bloke No : 1115536474, BT: 11/12/2024, ÇT:01/01/2025;832,53;69.266,72
02.01.2025;Z07110;Ýþyeri no:000000000771359,Tutar : 255,5 Komisyon : 0,Bloke No : 1115536473, BT: 11/12/2024, ÇT:01/01/2025;255,50;68.434,19
02.01.2025;Z07109;Ýþyeri no:000000000771359,Tutar : 1215,2 Komisyon : 0,Bloke No : 1115536470, BT: 11/12/2024, ÇT:01/01/2025;1215,20;68.178,69
02.01.2025;Z07108;Ýþyeri no:000000000771359,Tutar : 23,6 Komisyon : 0,Bloke No : 1115536469, BT: 11/12/2024, ÇT:01/01/2025;23,60;66.963,49
02.01.2025;Z07107;Ýþyeri no:000000000771359,Tutar : 3559 Komisyon : 0,Bloke No : 1115536467, BT: 11/12/2024, ÇT:01/01/2025;3559,00;66.939,89
02.01.2025;Z07106;Ýþyeri no:000000000771359,Tutar : 3349,25 Komisyon : 0,Bloke No : 1115536466, BT: 11/12/2024, ÇT:01/01/2025;3349,25;63.380,89
02.01.2025;Z07105;Ýþyeri no:000000000771359,Tutar : 398 Komisyon : 0,Bloke No : 1115536465, BT: 11/12/2024, ÇT:01/01/2025;398,00;60.031,64
02.01.2025;Z07104;Ýþyeri no:000000000771359,Tutar : 7205,4 Komisyon : 0,Bloke No : 1115536463, BT: 11/12/2024, ÇT:01/01/2025;7205,40;59.633,64
02.01.2025;Z07103;Ýþyeri no:000000000771359,Tutar : 8932,3 Komisyon : 0,Bloke No : 1115536462, BT: 11/12/2024, ÇT:01/01/2025;8932,30;52.428,24
02.01.2025;Z07102;Ýþyeri no:000000000771359,Tutar : 1463,14 Komisyon : 0,Bloke No : 1115536461, BT: 11/12/2024, ÇT:01/01/2025;1463,14;43.495,94
02.01.2025;Z07101;Ýþyeri no:000000000771359,Tutar : 773,25 Komisyon : 0,Bloke No : 1115536459, BT: 11/12/2024, ÇT:01/01/2025;773,25;42.032,80
01.01.2025;ZDMN33;ÝÞYERÝ NO:000000000771359, DÖNEMÝ:202501 POS YAZILIM/DONANIM/BAKIM ÜCRETÝ - FÝZÝKÝ POS KÝRASI;-1298,00;41.259,55
01.01.2025;Z01582;Ýþyeri no:000000000771359,Tutar : 397 Komisyon : 0,Bloke No : 1113766009, BT: 10/12/2024, ÇT:31/12/2024;397,00;42.557,55
01.01.2025;Z01581;Ýþyeri no:000000000771359,Tutar : 150 Komisyon : 0,Bloke No : 1113766008, BT: 10/12/2024, ÇT:31/12/2024;150,00;42.160,55
01.01.2025;Z01580;Ýþyeri no:000000000771359,Tutar : 801,2 Komisyon : 0,Bloke No : 1113766007, BT: 10/12/2024, ÇT:31/12/2024;801,20;42.010,55
01.01.2025;Z01579;Ýþyeri no:000000000771359,Tutar : 57,6 Komisyon : 0,Bloke No : 1113766006, BT: 10/12/2024, ÇT:31/12/2024;57,60;41.209,35
01.01.2025;Z01578;Ýþyeri no:000000000771359,Tutar : 153,6 Komisyon : 0,Bloke No : 1113765998, BT: 10/12/2024, ÇT:31/12/2024;153,60;41.151,75
01.01.2025;Z01577;Ýþyeri no:000000000771359,Tutar : 76 Komisyon : 0,Bloke No : 1113765997, BT: 10/12/2024, ÇT:31/12/2024;76,00;40.998,15
01.01.2025;Z01576;Ýþyeri no:000000000771359,Tutar : 724,4 Komisyon : 0,Bloke No : 1113765996, BT: 10/12/2024, ÇT:31/12/2024;724,40;40.922,15
01.01.2025;Z01575;Ýþyeri no:000000000771359,Tutar : 285 Komisyon : 0,Bloke No : 1113765995, BT: 10/12/2024, ÇT:31/12/2024;285,00;40.197,75
01.01.2025;Z00306;Ýþyeri no:000000000771359,Tutar : 160 Komisyon : 0,Bloke No : 1113766005, BT: 10/12/2024, ÇT:31/12/2024;160,00;39.912,75
01.01.2025;Z00305;Ýþyeri no:000000000771359,Tutar : 809 Komisyon : 0,Bloke No : 1113766004, BT: 10/12/2024, ÇT:31/12/2024;809,00;39.752,75
01.01.2025;Z00304;Ýþyeri no:000000000771359,Tutar : 100 Komisyon : 0,Bloke No : 1113766003, BT: 10/12/2024, ÇT:31/12/2024;100,00;38.943,75
01.01.2025;Z00303;Ýþyeri no:000000000771359,Tutar : 5444,2 Komisyon : 0,Bloke No : 1113766002, BT: 10/12/2024, ÇT:31/12/2024;5444,20;38.843,75
01.01.2025;Z00302;Ýþyeri no:000000000771359,Tutar : 6965,51 Komisyon : 0,Bloke No : 1113766001, BT: 10/12/2024, ÇT:31/12/2024;6965,51;33.399,55
01.01.2025;Z00301;Ýþyeri no:000000000771359,Tutar : 525,6 Komisyon : 0,Bloke No : 1113766000, BT: 10/12/2024, ÇT:31/12/2024;525,60;26.434,04
01.01.2025;Z00300;Ýþyeri no:000000000771359,Tutar : 92 Komisyon : 0,Bloke No : 1113765999, BT: 10/12/2024, ÇT:31/12/2024;92,00;25.908,44
01.01.2025;Z00299;Ýþyeri no:000000000771359,Tutar : 116,48 Komisyon : 0,Bloke No : 1113765994, BT: 10/12/2024, ÇT:31/12/2024;116,48;25.816,44
01.01.2025;Z00298;Ýþyeri no:000000000771359,Tutar : 12 Komisyon : 0,Bloke No : 1113765993, BT: 10/12/2024, ÇT:31/12/2024;12,00;25.699,96
01.01.2025;Z00297;Ýþyeri no:000000000771359,Tutar : 3594,44 Komisyon : 0,Bloke No : 1113765992, BT: 10/12/2024, ÇT:31/12/2024;3594,44;25.687,96
01.01.2025;Z00296;Ýþyeri no:000000000771359,Tutar : 1139 Komisyon : 0,Bloke No : 1113765991, BT: 10/12/2024, ÇT:31/12/2024;1139,00;22.093,52
01.01.2025;Z00295;Ýþyeri no:000000000771359,Tutar : 8339,4 Komisyon : 0,Bloke No : 1113765990, BT: 10/12/2024, ÇT:31/12/2024;8339,40;20.954,52
01.01.2025;Z00294;Ýþyeri no:000000000771359,Tutar : 10765,62 Komisyon : 0,Bloke No : 1113765989, BT: 10/12/2024, ÇT:31/12/2024;10765,62;12.615,12
01.01.2025;Z00293;Ýþyeri no:000000000771359,Tutar : 1849,5 Komisyon : 0,Bloke No : 1113765988, BT: 10/12/2024, ÇT:31/12/2024;1849,50;1.849,50
